start.p	end.p	type	nexons	start	end	chromosome	id	BF	reads.expected	reads.observed	reads.ratio
1900	1917	duplication	18	16044493	16062534	chr1	chr1:16044493-16062534	144	4894	7055	1.44
1990	1996	deletion	7	16922019	16931397	chr1	chr1:16922019-16931397	18.3	811	528	0.651
8213	8214	deletion	2	89010904	89012027	chr1	chr1:89010904-89012027	27.2	1133	702	0.62
10313	10315	deletion	3	145833259	145836573	chr1	chr1:145833259-145836573	21.9	112	9	0.0804
10320	10321	duplication	2	145840115	145841070	chr1	chr1:145840115-145841070	13.6	560	780	1.39
10327	10330	duplication	4	145847249	145848478	chr1	chr1:145847249-145848478	10.8	242	361	1.49
10432	10435	deletion	4	147190177	147212535	chr1	chr1:147190177-147212535	13.4	735	485	0.66
10441	10442	deletion	2	147254870	147255927	chr1	chr1:147254870-147255927	7.05	120	64	0.533
11079	11080	deletion	2	152600732	152614098	chr1	chr1:152600732-152614098	67.4	311	0	0
18387	18387	duplication	1	246355031	246355094	chr1	chr1:246355031-246355094	7.19	163	246	1.51
20525	20528	duplication	4	46310461	46330084	chr10	chr10:46310461-46330084	20.8	496	755	1.52
20542	20542	duplication	1	47357101	47357456	chr10	chr10:47357101-47357456	7.53	790	1039	1.32
28237	28237	duplication	1	18933816	18934784	chr11	chr11:18933816-18934784	61.1	1113	2211	1.99
70751	70752	duplication	2	2372190	2372488	chr17	chr17:2372190-2372488	5.85	75	126	1.68
72044	72044	deletion	1	7675053	7675236	chr17	chr17:7675053-7675236	31	393	158	0.402
74808	74810	deletion	3	36195798	36212569	chr17	chr17:36195798-36212569	33.9	158	3	0.019
75663	75664	duplication	2	41265378	41276207	chr17	chr17:41265378-41276207	11.7	374	531	1.42
75998	75998	deletion	1	42346569	42346713	chr17	chr17:42346569-42346713	37.1	698	325	0.466
76820	76827	deletion	8	45844907	45990075	chr17	chr17:45844907-45990075	25.9	602	350	0.581
76839	76849	deletion	11	46033403	46172143	chr17	chr17:46033403-46172143	38.4	883	507	0.574
80997	80998	deletion	2	82030065	82030466	chr17	chr17:82030065-82030466	5.76	59	24	0.407
86362	86363	duplication	2	8402086	8402565	chr19	chr19:8402086-8402565	10.9	360	515	1.43
87806	87808	duplication	3	13962994	13963746	chr19	chr19:13962994-13963746	8.27	165	251	1.52
89320	89321	deletion	2	20006005	20023099	chr19	chr19:20006005-20023099	6.47	116	63	0.543
90286	90287	duplication	2	36151462	36151755	chr19	chr19:36151462-36151755	8.13	233	335	1.44
94178	94178	deletion	1	54739507	54739542	chr19	chr19:54739507-54739542	7.09	37	4	0.108
94189	94191	deletion	3	54829361	54830275	chr19	chr19:54829361-54830275	35.3	1429	873	0.611
94193	94196	deletion	4	54837576	54847943	chr19	chr19:54837576-54847943	8.48	975	690	0.708
97907	97907	deletion	1	50054955	50055044	chr2	chr2:50054955-50055044	5.21	51	20	0.392
108937	108937	deletion	1	1588560	1588632	chr20	chr20:1588560-1588632	13.8	63	0	0
115972	115977	duplication	6	22427713	22551089	chr22	chr22:22427713-22551089	13.8	2692	3421	1.27
116006	116020	duplication	15	22792533	22895694	chr22	chr22:22792533-22895694	10.8	294	423	1.44
117133	117133	deletion	1	32431347	32431414	chr22	chr22:32431347-32431414	7.77	138	73	0.529
124753	124753	duplication	1	94053187	94053263	chr3	chr3:94053187-94053263	5.32	153	221	1.44
130321	130321	duplication	1	197817176	197817302	chr3	chr3:197817176-197817302	5.1	262	356	1.36
133144	133144	deletion	1	68537625	68537904	chr4	chr4:68537625-68537904	7.7	498	333	0.669
133670	133670	duplication	1	76007386	76007449	chr4	chr4:76007386-76007449	33.5	709	1206	1.7
139315	139315	deletion	1	42629038	42629103	chr5	chr5:42629038-42629103	8.58	385	247	0.642
140234	140234	duplication	1	71012348	71012915	chr5	chr5:71012348-71012915	4.85	46	86	1.87
143421	143421	duplication	1	140856049	140858436	chr5	chr5:140856049-140858436	8.26	1235	1611	1.3
143836	143836	deletion	1	148174234	148174370	chr5	chr5:148174234-148174370	35.5	163	0	0
147198	147205	duplication	8	29942554	29945455	chr6	chr6:29942554-29945455	147	867	2081	2.4
147520	147525	deletion	6	31269169	31271348	chr6	chr6:31269169-31271348	82.3	488	77	0.158
147532	147534	deletion	3	31356167	31357158	chr6	chr6:31356167-31357158	14	109	33	0.303
148080	148100	deletion	21	32517739	32665067	chr6	chr6:32517739-32665067	161	1832	742	0.405
170767	170768	deletion	2	21216736	21239935	chr9	chr9:21216736-21239935	94.3	4011	2145	0.535
