start.p	end.p	type	nexons	start	end	chromosome	id	BF	reads.expected	reads.observed	reads.ratio
424	425	duplication	2	2172055	2172388	chr1	chr1:2172055-2172388	5.43	240	324	1.35
1990	2004	duplication	15	16922019	16951122	chr1	chr1:16922019-16951122	56.4	1403	2058	1.47
9044	9048	duplication	5	103573063	103579500	chr1	chr1:103573063-103579500	39.6	4363	5692	1.3
9393	9394	duplication	2	109689048	109689325	chr1	chr1:109689048-109689325	16.7	1515	1995	1.32
10318	10329	duplication	12	145838055	145848263	chr1	chr1:145838055-145848263	9.26	848	1084	1.28
10396	10396	duplication	1	145926808	145926885	chr1	chr1:145926808-145926885	11.6	46	127	2.76
11079	11080	deletion	2	152600732	152614098	chr1	chr1:152600732-152614098	68.4	314	0	0
14902	14906	deletion	5	196774887	196827005	chr1	chr1:196774887-196827005	24.9	1402	940	0.67
16421	16422	deletion	2	212830242	212836149	chr1	chr1:212830242-212836149	22.2	437	235	0.538
18387	18387	duplication	1	246355031	246355094	chr1	chr1:246355031-246355094	4.36	151	211	1.4
18523	18524	deletion	2	248592830	248627128	chr1	chr1:248592830-248627128	55.4	1411	760	0.539
19885	19885	deletion	1	26702162	26702194	chr10	chr10:26702162-26702194	6.65	37	5	0.135
20525	20528	deletion	4	46310461	46330084	chr10	chr10:46310461-46330084	30.7	386	166	0.43
20744	20744	duplication	1	50205982	50206097	chr10	chr10:50205982-50206097	32.5	202	485	2.4
20746	20746	duplication	1	50210823	50210904	chr10	chr10:50210823-50210904	32.5	202	485	2.4
37912	37912	deletion	1	11091300	11092229	chr12	chr12:11091300-11092229	28.9	132	0	0
47212	47212	duplication	1	133081321	133081329	chr12	chr12:133081321-133081329	9.52	231	346	1.5
50555	50557	deletion	3	19876268	19936602	chr14	chr14:19876268-19936602	36.9	6530	4582	0.702
54476	54476	duplication	1	75039911	75040015	chr14	chr14:75039911-75040015	5.4	117	176	1.5
66040	66043	duplication	4	28605821	28607077	chr16	chr16:28605821-28607077	12.1	1652	2098	1.27
67374	67374	deletion	1	55833004	55833055	chr16	chr16:55833004-55833055	5.41	143	86	0.601
74807	74810	deletion	4	36195286	36212569	chr17	chr17:36195286-36212569	31.4	143	1	0.00699
75664	75664	deletion	1	41275698	41276207	chr17	chr17:41275698-41276207	4.76	100	57	0.57
75998	75998	deletion	1	42346569	42346713	chr17	chr17:42346569-42346713	51.1	579	199	0.344
76822	76849	duplication	28	45971859	46172143	chr17	chr17:45971859-46172143	24	1413	1856	1.31
79072	79072	deletion	1	69086618	69086735	chr17	chr17:69086618-69086735	5.38	280	186	0.664
84404	84406	duplication	3	1046802	1047654	chr19	chr19:1046802-1047654	6.13	76	128	1.68
94175	94178	deletion	4	54735253	54739542	chr19	chr19:54735253-54739542	14.7	1603	1148	0.716
94188	94194	duplication	7	54821565	54839699	chr19	chr19:54821565-54839699	98.9	2577	3935	1.53
97273	97276	duplication	4	38729556	38745187	chr2	chr2:38729556-38745187	19.9	1185	1586	1.34
108936	108937	duplication	2	1578338	1588632	chr20	chr20:1578338-1588632	18.7	736	1034	1.4
108945	108945	deletion	1	1915099	1915455	chr20	chr20:1915099-1915455	7.9	626	429	0.685
115975	115978	duplication	4	22487767	22556832	chr22	chr22:22487767-22556832	13.4	2726	3465	1.27
115996	116003	duplication	8	22720663	22759218	chr22	chr22:22720663-22759218	7.24	100	163	1.63
118287	118288	duplication	2	42516011	42554042	chr22	chr22:42516011-42554042	20.2	268	463	1.73
130093	130093	duplication	1	195747176	195747380	chr3	chr3:195747176-195747380	5.66	219	304	1.39
133169	133170	duplication	2	69290592	69294809	chr4	chr4:69290592-69294809	8.16	1164	1484	1.27
139315	139315	duplication	1	42629038	42629103	chr5	chr5:42629038-42629103	8.28	327	457	1.4
140234	140234	deletion	1	71012348	71012915	chr5	chr5:71012348-71012915	4.89	23	1	0.0435
143421	143421	duplication	1	140856049	140858436	chr5	chr5:140856049-140858436	8.98	1121	1463	1.31
144150	144150	duplication	1	150412625	150412749	chr5	chr5:150412625-150412749	4.7	165	231	1.4
145953	145953	duplication	1	292540	292560	chr6	chr6:292540-292560	6.3	92	151	1.64
147198	147205	deletion	8	29942554	29945455	chr6	chr6:29942554-29945455	78.1	852	348	0.408
147521	147527	duplication	7	31269338	31272071	chr6	chr6:31269338-31272071	38.5	560	923	1.65
147530	147534	deletion	5	31355107	31357158	chr6	chr6:31355107-31357158	15.1	632	421	0.666
148080	148091	deletion	12	32517739	32589742	chr6	chr6:32517739-32589742	72.3	478	110	0.23
148093	148098	deletion	6	32641310	32661457	chr6	chr6:32641310-32661457	61.5	775	339	0.437
148180	148181	deletion	2	33068650	33069300	chr6	chr6:33068650-33069300	17.2	317	174	0.549
148728	148730	deletion	3	35795146	35797288	chr6	chr6:35795146-35797288	5.18	1058	768	0.726
156962	156962	duplication	1	33155638	33155702	chr7	chr7:33155638-33155702	4.81	283	377	1.33
158403	158403	deletion	1	75024633	75024698	chr7	chr7:75024633-75024698	4.92	76	39	0.513
162730	162733	deletion	4	143132117	143139642	chr7	chr7:143132117-143139642	59	1145	603	0.527
