start.p	end.p	type	nexons	start	end	chromosome	id	BF	reads.expected	reads.observed	reads.ratio
1990	1998	duplication	9	16922019	16937737	chr1	chr1:16922019-16937737	22.4	1106	1491	1.35
8213	8214	deletion	2	89010904	89012027	chr1	chr1:89010904-89012027	29.9	1019	603	0.592
9392	9396	deletion	5	109687874	109690564	chr1	chr1:109687874-109690564	427	2234	7	0.00313
10435	10435	deletion	1	147212393	147212535	chr1	chr1:147212393-147212535	11.3	330	195	0.591
14902	14906	duplication	5	196774887	196827005	chr1	chr1:196774887-196827005	25.2	1570	2100	1.34
20525	20528	deletion	4	46310461	46330084	chr10	chr10:46310461-46330084	46.5	444	141	0.318
27016	27016	deletion	1	5777660	5778634	chr11	chr11:5777660-5778634	11.3	691	454	0.657
37912	37912	deletion	1	11091300	11092229	chr12	chr12:11091300-11092229	30.2	140	1	0.00714
41334	41335	duplication	2	56158402	56158711	chr12	chr12:56158402-56158711	5.4	312	414	1.33
47145	47146	duplication	2	132717439	132717798	chr12	chr12:132717439-132717798	5.79	106	163	1.54
51397	51397	deletion	1	23988948	23989075	chr14	chr14:23988948-23989075	6.79	119	63	0.529
71358	71362	duplication	5	4960459	4968979	chr17	chr17:4960459-4968979	7.51	366	491	1.34
74807	74810	deletion	4	36195286	36212569	chr17	chr17:36195286-36212569	38	175	2	0.0114
75664	75664	duplication	1	41275698	41276207	chr17	chr17:41275698-41276207	5.07	112	168	1.5
75998	75999	duplication	2	42346569	42348516	chr17	chr17:42346569-42348516	46.8	900	1624	1.8
76820	76849	deletion	30	45844907	46172143	chr17	chr17:45844907-46172143	64.4	1692	1016	0.6
84945	84945	duplication	1	2901046	2901048	chr19	chr19:2901046-2901048	4.85	89	139	1.56
87957	87957	duplication	1	14518139	14518349	chr19	chr19:14518139-14518349	6.01	145	216	1.49
91231	91232	duplication	2	40777397	40778391	chr19	chr19:40777397-40778391	5	445	575	1.29
91661	91664	deletion	4	43203886	43258456	chr19	chr19:43203886-43258456	106	3488	1911	0.548
92142	92142	duplication	1	45584623	45584764	chr19	chr19:45584623-45584764	5.17	222	305	1.37
93269	93271	duplication	3	49808717	49809575	chr19	chr19:49808717-49809575	5.55	111	167	1.5
94023	94023	duplication	1	54159564	54159695	chr19	chr19:54159564-54159695	5.55	108	166	1.54
94057	94057	duplication	1	54238953	54239089	chr19	chr19:54238953-54239089	7.68	363	500	1.38
94178	94178	deletion	1	54739507	54739542	chr19	chr19:54739507-54739542	4.7	35	10	0.286
94189	94196	deletion	8	54829361	54847943	chr19	chr19:54829361-54847943	29.5	2785	1955	0.702
97273	97276	duplication	4	38729556	38745187	chr2	chr2:38729556-38745187	18.6	1277	1701	1.33
103967	103967	deletion	1	177817858	177817925	chr2	chr2:177817858-177817925	6.78	284	182	0.641
108936	108937	deletion	2	1578338	1588632	chr20	chr20:1578338-1588632	27.8	765	445	0.582
108945	108945	duplication	1	1915099	1915455	chr20	chr20:1915099-1915455	6.43	656	857	1.31
115975	115975	deletion	1	22487767	22489398	chr22	chr22:22487767-22489398	6.29	1882	1375	0.731
115977	116020	deletion	44	22550767	22895694	chr22	chr22:22550767-22895694	65.5	971	489	0.504
117781	117782	deletion	2	38982454	38989610	chr22	chr22:38982454-38989610	39.1	697	345	0.495
122646	122646	duplication	1	49412427	49412640	chr3	chr3:49412427-49412640	6.44	172	252	1.47
133148	133150	deletion	3	68647104	68655182	chr4	chr4:68647104-68655182	71.1	1609	840	0.522
133169	133170	deletion	2	69290592	69294809	chr4	chr4:69290592-69294809	14.5	1216	834	0.686
139315	139315	duplication	1	42629038	42629103	chr5	chr5:42629038-42629103	14.6	344	533	1.55
140234	140234	duplication	1	71012348	71012915	chr5	chr5:71012348-71012915	5.33	31	70	2.26
143421	143421	duplication	1	140856049	140858436	chr5	chr5:140856049-140858436	5.41	1241	1579	1.27
143712	143712	duplication	1	146447350	146447408	chr5	chr5:146447350-146447408	4.95	99	152	1.54
147198	147200	duplication	3	29942554	29943543	chr6	chr6:29942554-29943543	8.64	125	204	1.63
147203	147205	duplication	3	29945059	29945455	chr6	chr6:29945059-29945455	23.8	367	601	1.64
147521	147534	duplication	14	31269338	31357158	chr6	chr6:31269338-31357158	64	1486	2203	1.48
148080	148091	duplication	12	32517739	32589742	chr6	chr6:32517739-32589742	82.8	479	1088	2.27
148093	148094	duplication	2	32641310	32642253	chr6	chr6:32641310-32642253	7.89	495	654	1.32
150621	150628	duplication	8	61680963	62177312	chr6	chr6:61680963-62177312	92.4	3401	4927	1.45
154768	154768	duplication	1	159790588	159790639	chr6	chr6:159790588-159790639	4.85	253	341	1.35
158397	158403	deletion	7	75020038	75024698	chr7	chr7:75020038-75024698	15.2	431	262	0.608
176823	176823	duplication	1	136849431	136849590	chr9	chr9:136849431-136849590	5.35	130	193	1.48
