start.p	end.p	type	nexons	start	end	chromosome	id	BF	reads.expected	reads.observed	reads.ratio
293	304	deletion	12	1452046	1495817	chr1	chr1:1452046-1495817	103	1693	877	0.518
9044	9048	duplication	5	103573063	103579500	chr1	chr1:103573063-103579500	50.5	5118	6691	1.31
10428	10429	deletion	2	147166846	147167933	chr1	chr1:147166846-147167933	17.2	214	98	0.458
11079	11080	duplication	2	152600732	152614098	chr1	chr1:152600732-152614098	91.4	345	1045	3.03
14903	14905	duplication	3	196779162	196825671	chr1	chr1:196779162-196825671	15	980	1291	1.32
19885	19885	deletion	1	26702162	26702194	chr10	chr10:26702162-26702194	9.41	53	8	0.151
20520	20522	deletion	3	46298002	46306872	chr10	chr10:46298002-46306872	9.22	240	144	0.6
20533	20533	deletion	1	47000675	47000740	chr10	chr10:47000675-47000740	10.1	166	86	0.518
27016	27016	duplication	1	5777660	5778634	chr11	chr11:5777660-5778634	10.1	744	988	1.33
37912	37912	duplication	1	11091300	11092229	chr12	chr12:11091300-11092229	17.4	151	294	1.95
47212	47212	duplication	1	133081321	133081329	chr12	chr12:133081321-133081329	6.5	268	368	1.37
50555	50557	deletion	3	19876268	19936602	chr14	chr14:19876268-19936602	58	7934	5497	0.693
51769	51769	deletion	1	24632324	24632459	chr14	chr14:24632324-24632459	34.2	956	537	0.562
55251	55251	duplication	1	92070935	92071053	chr14	chr14:92070935-92071053	20	473	722	1.53
56629	56632	deletion	4	23009944	23019333	chr15	chr15:23009944-23019333	5.77	72	34	0.472
66040	66043	duplication	4	28605821	28607077	chr16	chr16:28605821-28607077	6.67	1897	2355	1.24
67371	67373	duplication	3	55819535	55826295	chr16	chr16:55819535-55826295	28.4	639	965	1.51
69343	69343	duplication	1	75529149	75530384	chr16	chr16:75529149-75530384	9.34	269	389	1.45
72044	72044	duplication	1	7675053	7675236	chr17	chr17:7675053-7675236	15.5	416	616	1.48
74807	74807	duplication	1	36195286	36195376	chr17	chr17:36195286-36195376	11.7	34	111	3.26
74809	74809	deletion	1	36196598	36196673	chr17	chr17:36196598-36196673	11.7	71	13	0.183
74809	74810	duplication	1	36196598	36212569	chr17	chr17:36196598-36212569	-1.65	145	171	1.18
75664	75664	deletion	1	41275698	41276207	chr17	chr17:41275698-41276207	9.02	103	45	0.437
75998	75999	duplication	2	42346569	42348516	chr17	chr17:42346569-42348516	85.9	958	1977	2.06
76832	76832	deletion	1	46010310	46010402	chr17	chr17:46010310-46010402	4.68	21	0	0
76838	76847	duplication	10	46033080	46082542	chr17	chr17:46033080-46082542	13.4	785	1034	1.32
84243	84244	deletion	2	643235	643604	chr19	chr19:643235-643604	5.07	66	32	0.485
90287	90288	deletion	2	36151669	36152407	chr19	chr19:36151669-36152407	6.1	97	51	0.526
94178	94178	deletion	1	54739507	54739542	chr19	chr19:54739507-54739542	9.25	41	0	0
94191	94196	deletion	6	54830099	54847943	chr19	chr19:54830099-54847943	36.7	2108	1413	0.67
97907	97907	duplication	1	50054955	50055044	chr2	chr2:50054955-50055044	4.59	53	92	1.74
108936	108936	deletion	1	1578338	1578694	chr20	chr20:1578338-1578694	27.6	833	484	0.581
108936	108937	duplication	1	1578338	1588632	chr20	chr20:1578338-1588632	-64.5	903	640	0.709
108945	108945	duplication	1	1915099	1915455	chr20	chr20:1915099-1915455	9.03	725	955	1.32
115975	116020	duplication	46	22487767	22895694	chr22	chr22:22487767-22895694	32.3	3615	4631	1.28
118289	118290	duplication	2	42560186	42566338	chr22	chr22:42560186-42566338	7.76	256	359	1.4
133670	133670	deletion	1	76007386	76007449	chr4	chr4:76007386-76007449	32.3	757	410	0.542
139315	139315	deletion	1	42629038	42629103	chr5	chr5:42629038-42629103	5.83	409	280	0.685
139929	139929	deletion	1	62561136	62561257	chr5	chr5:62561136-62561257	5.58	399	273	0.684
140234	140234	deletion	1	71012348	71012915	chr5	chr5:71012348-71012915	10.1	45	0	0
143421	143421	duplication	1	140856049	140858436	chr5	chr5:140856049-140858436	17.6	1279	1732	1.35
147201	147202	duplication	2	29944122	29944616	chr6	chr6:29944122-29944616	29.6	409	689	1.68
147204	147204	deletion	1	29945234	29945281	chr6	chr6:29945234-29945281	6.33	152	89	0.586
147521	147535	duplication	15	31269338	31403702	chr6	chr6:31269338-31403702	116	1484	2523	1.7
148080	148099	deletion	20	32517739	32662248	chr6	chr6:32517739-32662248	181	1905	753	0.395
156659	156659	deletion	1	27143046	27143607	chr7	chr7:27143046-27143607	5.92	72	33	0.458
159908	159909	deletion	2	100171779	100172217	chr7	chr7:100171779-100172217	5.23	232	152	0.655
