start.p	end.p	type	nexons	start	end	chromosome	id	BF	reads.expected	reads.observed	reads.ratio
8213	8214	deletion	2	89010904	89012027	chr1	chr1:89010904-89012027	27.9	1062	652	0.614
9392	9396	deletion	5	109687874	109690564	chr1	chr1:109687874-109690564	454	2331	10	0.00429
10318	10321	duplication	4	145838055	145841070	chr1	chr1:145838055-145841070	9.17	607	802	1.32
10327	10330	duplication	4	145847249	145848478	chr1	chr1:145847249-145848478	7.77	237	335	1.41
11079	11080	deletion	2	152600732	152614098	chr1	chr1:152600732-152614098	68.4	315	0	0
14902	14906	deletion	5	196774887	196827005	chr1	chr1:196774887-196827005	342	1626	0	0
18387	18387	duplication	1	246355031	246355094	chr1	chr1:246355031-246355094	6.78	159	238	1.5
19885	19885	deletion	1	26702162	26702194	chr10	chr10:26702162-26702194	8.63	49	7	0.143
20078	20078	deletion	1	29495092	29495181	chr10	chr10:29495092-29495181	7.49	389	255	0.656
20525	20528	duplication	4	46310461	46330084	chr10	chr10:46310461-46330084	20.9	459	713	1.55
20744	20744	duplication	1	50205982	50206097	chr10	chr10:50205982-50206097	6.36	268	371	1.38
20746	20746	duplication	1	50210823	50210904	chr10	chr10:50210823-50210904	6.36	268	371	1.38
22019	22019	duplication	1	76969974	76970067	chr10	chr10:76969974-76970067	5.91	419	556	1.33
26032	26054	duplication	23	133527396	133565529	chr10	chr10:133527396-133565529	169	5724	8251	1.44
27016	27016	duplication	1	5777660	5778634	chr11	chr11:5777660-5778634	7.71	679	898	1.32
37912	37912	duplication	1	11091300	11092229	chr12	chr12:11091300-11092229	10	138	233	1.69
50555	50557	deletion	3	19876268	19936602	chr14	chr14:19876268-19936602	29.8	7239	5206	0.719
54476	54476	duplication	1	75039911	75040015	chr14	chr14:75039911-75040015	5.26	134	197	1.47
62604	62604	duplication	1	94345129	94345164	chr15	chr15:94345129-94345164	6.16	328	445	1.36
66041	66043	deletion	3	28606056	28607077	chr16	chr16:28606056-28607077	10.7	1430	1013	0.708
74807	74810	deletion	4	36195286	36212569	chr17	chr17:36195286-36212569	36.6	168	1	0.00595
75664	75664	deletion	1	41275698	41276207	chr17	chr17:41275698-41276207	4.64	94	53	0.564
75998	75998	deletion	1	42346569	42346713	chr17	chr17:42346569-42346713	54.9	690	249	0.361
76820	76828	deletion	9	45844907	45991586	chr17	chr17:45844907-45991586	24	704	432	0.614
76839	76843	deletion	5	46033403	46039884	chr17	chr17:46033403-46039884	13.6	546	352	0.645
90286	90287	deletion	2	36151462	36151755	chr19	chr19:36151462-36151755	12.6	221	117	0.529
94178	94178	deletion	1	54739507	54739542	chr19	chr19:54739507-54739542	6.55	38	6	0.158
94188	94194	deletion	7	54821565	54839699	chr19	chr19:54821565-54839699	40.8	3040	2080	0.684
94188	94196	duplication	2	54821565	54847943	chr19	chr19:54821565-54847943	-223	3065	2166	0.707
99635	99637	deletion	3	85326508	85343381	chr2	chr2:85326508-85343381	5.79	134	78	0.582
99871	99884	duplication	14	86751896	86815718	chr2	chr2:86751896-86815718	106	3894	5558	1.43
107553	107554	deletion	2	230211470	230212430	chr2	chr2:230211470-230212430	5.79	1083	783	0.723
107556	107557	deletion	2	230214950	230216927	chr2	chr2:230214950-230216927	6.19	474	326	0.688
107599	107599	deletion	1	230417591	230417665	chr2	chr2:230417591-230417665	5.13	560	393	0.702
107603	107610	deletion	8	230449088	230467215	chr2	chr2:230449088-230467215	30.7	2533	1744	0.689
107619	107621	deletion	3	230506303	230511166	chr2	chr2:230506303-230511166	10.6	1104	772	0.699
108937	108937	deletion	1	1588560	1588632	chr20	chr20:1588560-1588632	14	63	0	0
108945	108945	duplication	1	1915099	1915455	chr20	chr20:1915099-1915455	7.6	661	875	1.32
113485	113487	deletion	3	10542394	10605551	chr21	chr21:10542394-10605551	35.3	1830	1178	0.644
115975	115983	duplication	9	22487767	22588674	chr22	chr22:22487767-22588674	15	2843	3602	1.27
128094	128098	deletion	5	151814163	151828172	chr3	chr3:151814163-151828172	116	1960	929	0.474
130093	130094	duplication	2	195747176	195749064	chr3	chr3:195747176-195749064	17	378	573	1.52
132238	132238	duplication	1	42086082	42086126	chr4	chr4:42086082-42086126	6.61	157	235	1.5
133144	133147	duplication	4	68537625	68568484	chr4	chr4:68537625-68568484	70.6	1821	2798	1.54
133169	133170	deletion	2	69290592	69294809	chr4	chr4:69290592-69294809	38.7	1325	780	0.589
133670	133670	deletion	1	76007386	76007449	chr4	chr4:76007386-76007449	10.2	691	461	0.667
139315	139315	duplication	1	42629038	42629103	chr5	chr5:42629038-42629103	7.52	374	512	1.37
139929	139929	deletion	1	62561136	62561257	chr5	chr5:62561136-62561257	8.76	364	231	0.635
140234	140234	deletion	1	71012348	71012915	chr5	chr5:71012348-71012915	9.15	41	0	0
143421	143421	deletion	1	140856049	140858436	chr5	chr5:140856049-140858436	211	1167	0	0
143836	143836	deletion	1	148174234	148174370	chr5	chr5:148174234-148174370	33.6	154	0	0
147521	147534	deletion	14	31269338	31357158	chr6	chr6:31269338-31357158	133	1351	529	0.392
148080	148099	deletion	20	32517739	32662248	chr6	chr6:32517739-32662248	241	1738	390	0.224
148218	148219	duplication	2	33173348	33173555	chr6	chr6:33173348-33173555	5.55	225	308	1.37
