start.p	end.p	type	nexons	start	end	chromosome	id	BF	reads.expected	reads.observed	reads.ratio
2758	2758	deletion	1	22005662	22005796	chr1	chr1:22005662-22005796	19.4	547	309	0.565
8213	8214	deletion	2	89010904	89012027	chr1	chr1:89010904-89012027	19.4	1020	669	0.656
9393	9396	duplication	4	109689048	109690564	chr1	chr1:109689048-109690564	29.5	2056	2778	1.35
10320	10321	deletion	2	145840115	145841070	chr1	chr1:145840115-145841070	6.56	541	376	0.695
11079	11080	duplication	2	152600732	152614098	chr1	chr1:152600732-152614098	11.8	329	477	1.45
14902	14906	duplication	5	196774887	196827005	chr1	chr1:196774887-196827005	17.8	1471	1913	1.3
20077	20078	duplication	2	29494914	29495181	chr10	chr10:29494914-29495181	7.48	735	948	1.29
20542	20542	duplication	1	47357101	47357456	chr10	chr10:47357101-47357456	7.07	780	1018	1.31
22019	22019	duplication	1	76969974	76970067	chr10	chr10:76969974-76970067	10.3	440	618	1.4
22574	22575	deletion	2	90918865	90919268	chr10	chr10:90918865-90919268	36.1	872	509	0.584
29666	29668	deletion	3	55603441	55651839	chr11	chr11:55603441-55651839	89.2	2916	1579	0.541
37912	37912	duplication	1	11091300	11092229	chr12	chr12:11091300-11092229	10.4	138	237	1.72
38606	38606	deletion	1	25245274	25245384	chr12	chr12:25245274-25245384	4.37	205	135	0.659
46736	46736	duplication	1	124800124	124800242	chr12	chr12:124800124-124800242	4.71	311	412	1.32
56629	56636	duplication	8	23009944	23026204	chr15	chr15:23009944-23026204	9.84	198	297	1.5
62902	62902	duplication	1	152910	153004	chr16	chr16:152910-153004	5.72	146	215	1.47
74807	74810	duplication	4	36195286	36212569	chr17	chr17:36195286-36212569	62.6	150	585	3.9
75664	75664	deletion	1	41275698	41276207	chr17	chr17:41275698-41276207	6	105	56	0.533
75998	75998	deletion	1	42346569	42346713	chr17	chr17:42346569-42346713	47.1	608	224	0.368
76820	76820	deletion	1	45844907	45846961	chr17	chr17:45844907-45846961	5.21	160	99	0.619
76822	76849	deletion	28	45971859	46172143	chr17	chr17:45971859-46172143	68.6	1483	848	0.572
94057	94057	duplication	1	54238953	54239089	chr19	chr19:54238953-54239089	6.16	345	465	1.35
94178	94178	deletion	1	54739507	54739542	chr19	chr19:54739507-54739542	4.63	22	1	0.0455
94188	94196	deletion	9	54821565	54847943	chr19	chr19:54821565-54847943	520	2728	90	0.033
108936	108937	duplication	2	1578338	1588632	chr20	chr20:1578338-1588632	37.5	773	1220	1.58
115975	115983	deletion	9	22487767	22588674	chr22	chr22:22487767-22588674	57.9	2902	1794	0.618
116020	116020	deletion	1	22895375	22895694	chr22	chr22:22895375-22895694	5.04	143	87	0.608
132238	132238	duplication	1	42086082	42086126	chr4	chr4:42086082-42086126	8.26	140	224	1.6
140234	140234	deletion	1	71012348	71012915	chr5	chr5:71012348-71012915	5.46	24	0	0
143836	143836	duplication	1	148174234	148174370	chr5	chr5:148174234-148174370	23.8	138	334	2.42
145911	145911	deletion	1	180949904	180950544	chr5	chr5:180949904-180950544	8.22	103	47	0.456
147198	147205	deletion	8	29942554	29945455	chr6	chr6:29942554-29945455	142	894	166	0.186
147520	147526	duplication	7	31269169	31271868	chr6	chr6:31269169-31271868	39.2	652	1039	1.59
147530	147534	duplication	5	31355107	31357158	chr6	chr6:31355107-31357158	42.3	664	1089	1.64
148080	148091	deletion	12	32517739	32589742	chr6	chr6:32517739-32589742	67.7	501	146	0.291
148080	148100	duplication	9	32517739	32665067	chr6	chr6:32517739-32665067	36.6	1700	2525	1.49
168369	168369	duplication	1	120280921	120281059	chr8	chr8:120280921-120281059	5.45	427	561	1.31
