start.p	end.p	type	nexons	start	end	chromosome	id	BF	reads.expected	reads.observed	reads.ratio
1991	2001	deletion	11	16922663	16940093	chr1	chr1:16922663-16940093	26.1	1276	851	0.667
8213	8214	deletion	2	89010904	89012027	chr1	chr1:89010904-89012027	25.5	1203	762	0.633
10300	10311	duplication	12	145738485	145827004	chr1	chr1:145738485-145827004	10.3	643	833	1.3
10318	10340	duplication	23	145838055	145855825	chr1	chr1:145838055-145855825	61.5	1027	1634	1.59
10428	10429	deletion	2	147166846	147167933	chr1	chr1:147166846-147167933	17.7	209	92	0.44
11079	11080	duplication	2	152600732	152614098	chr1	chr1:152600732-152614098	6.94	387	513	1.33
14902	14906	deletion	5	196774887	196827005	chr1	chr1:196774887-196827005	70.2	1969	1138	0.578
17796	17797	duplication	2	235448349	235448762	chr1	chr1:235448349-235448762	8.99	473	632	1.34
19885	19885	duplication	1	26702162	26702194	chr10	chr10:26702162-26702194	9.65	63	137	2.17
20078	20078	duplication	1	29495092	29495181	chr10	chr10:29495092-29495181	4.61	447	576	1.29
20257	20258	deletion	2	34284135	34317338	chr10	chr10:34284135-34317338	11.4	1381	981	0.71
20357	20363	duplication	7	42420763	42451683	chr10	chr10:42420763-42451683	6.88	320	425	1.33
20528	20528	deletion	1	46329599	46330084	chr10	chr10:46329599-46330084	4.33	90	52	0.578
27016	27016	duplication	1	5777660	5778634	chr11	chr11:5777660-5778634	9.03	667	893	1.34
29666	29667	duplication	2	55603441	55639296	chr11	chr11:55603441-55639296	9.8	1807	2280	1.26
31121	31122	duplication	2	64796809	64797023	chr11	chr11:64796809-64797023	6.54	358	474	1.32
34961	34961	duplication	1	116861274	116861383	chr11	chr11:116861274-116861383	14.9	388	592	1.53
36775	36778	duplication	4	2653835	2665708	chr12	chr12:2653835-2665708	5.7	85	136	1.6
37912	37912	deletion	1	11091300	11092229	chr12	chr12:11091300-11092229	35.1	162	0	0
37916	37916	duplication	1	11308239	11308882	chr12	chr12:11308239-11308882	6.81	986	1268	1.29
41690	41691	duplication	2	57096850	57097133	chr12	chr12:57096850-57097133	9.37	448	605	1.35
47216	47216	duplication	1	133120284	133121918	chr12	chr12:133120284-133121918	4.98	232	314	1.35
47223	47226	duplication	4	133191489	133204530	chr12	chr12:133191489-133204530	9.1	604	797	1.32
50496	50501	duplication	6	113811736	113828711	chr13	chr13:113811736-113828711	21.5	1046	1422	1.36
50555	50557	deletion	3	19876268	19936602	chr14	chr14:19876268-19936602	47.2	7894	5394	0.683
51769	51769	duplication	1	24632324	24632459	chr14	chr14:24632324-24632459	6.74	893	1151	1.29
54476	54476	duplication	1	75039911	75040015	chr14	chr14:75039911-75040015	5.29	146	211	1.45
64132	64132	duplication	1	3443121	3443153	chr16	chr16:3443121-3443153	8.14	219	321	1.47
68722	68724	duplication	3	68557998	68564698	chr16	chr16:68557998-68564698	10.9	410	564	1.38
72044	72044	deletion	1	7675053	7675236	chr17	chr17:7675053-7675236	9.99	317	193	0.609
72502	72505	duplication	4	8753138	8756436	chr17	chr17:8753138-8756436	6.2	560	710	1.27
72631	72632	duplication	2	10330387	10332222	chr17	chr17:10330387-10332222	5.21	112	167	1.49
74808	74809	deletion	2	36195798	36196673	chr17	chr17:36195798-36196673	12	72	13	0.181
74808	74810	duplication	1	36195798	36212569	chr17	chr17:36195798-36212569	-4.73	145	151	1.04
75998	75999	duplication	2	42346569	42348516	chr17	chr17:42346569-42348516	49.7	1083	1978	1.83
76821	76849	duplication	29	45962338	46172143	chr17	chr17:45962338-46172143	51.9	1659	2323	1.4
78607	78618	duplication	12	63940771	63957518	chr17	chr17:63940771-63957518	9.18	365	492	1.35
80351	80351	duplication	1	78806156	78806286	chr17	chr17:78806156-78806286	6.28	458	604	1.32
84247	84247	duplication	1	648882	648975	chr19	chr19:648882-648975	9.05	195	298	1.53
86611	86611	duplication	1	9757475	9758764	chr19	chr19:9757475-9758764	4.95	213	291	1.37
87301	87302	duplication	2	11614827	11617889	chr19	chr19:11614827-11617889	6.48	402	531	1.32
87329	87332	duplication	4	12018166	12046428	chr19	chr19:12018166-12046428	7.6	771	986	1.28
87343	87344	duplication	2	12111548	12133985	chr19	chr19:12111548-12133985	9.77	695	912	1.31
89317	89322	duplication	6	19936960	20024376	chr19	chr19:19936960-20024376	22.6	613	880	1.44
89328	89330	duplication	3	20167331	20186082	chr19	chr19:20167331-20186082	9.86	609	798	1.31
89340	89341	duplication	2	20792512	20793878	chr19	chr19:20792512-20793878	7.71	474	624	1.32
89399	89404	duplication	6	22759417	22987403	chr19	chr19:22759417-22987403	16.5	970	1279	1.32
89408	89409	duplication	2	23134080	23136043	chr19	chr19:23134080-23136043	5.28	544	692	1.27
89762	89764	duplication	3	34931843	34944838	chr19	chr19:34931843-34944838	13.4	502	701	1.4
90307	90308	duplication	2	36546866	36554796	chr19	chr19:36546866-36554796	7.12	364	484	1.33
90316	90316	duplication	1	36656448	36656543	chr19	chr19:36656448-36656543	5.76	56	103	1.84
90370	90372	duplication	3	37532356	37537879	chr19	chr19:37532356-37537879	6.86	199	282	1.42
91777	91779	duplication	3	43846939	43880136	chr19	chr19:43846939-43880136	14.7	830	1105	1.33
92451	92452	duplication	2	47258401	47258663	chr19	chr19:47258401-47258663	8.98	737	959	1.3
93805	93808	duplication	4	52065107	52084801	chr19	chr19:52065107-52084801	5.63	949	1176	1.24
93812	93814	duplication	3	52154872	52168072	chr19	chr19:52154872-52168072	13.3	986	1291	1.31
93851	93851	duplication	1	52433955	52434120	chr19	chr19:52433955-52434120	5.36	243	331	1.36
94054	94055	duplication	2	54218645	54218838	chr19	chr19:54218645-54218838	11.1	948	1235	1.3
94178	94178	deletion	1	54739507	54739542	chr19	chr19:54739507-54739542	10.8	48	0	0
94187	94188	duplication	2	54817534	54821858	chr19	chr19:54817534-54821858	9.07	718	933	1.3
94190	94194	duplication	5	54829928	54839699	chr19	chr19:54829928-54839699	55.1	2535	3562	1.41
94597	94599	duplication	3	56240404	56246466	chr19	chr19:56240404-56246466	5.65	164	232	1.41
94729	94729	duplication	1	57620160	57621403	chr19	chr19:57620160-57621403	7.29	340	466	1.37
94753	94754	duplication	2	57776543	57779796	chr19	chr19:57776543-57779796	10.7	632	840	1.33
99637	99638	deletion	2	85343242	85343798	chr2	chr2:85343242-85343798	5.02	219	145	0.662
108937	108937	deletion	1	1588560	1588632	chr20	chr20:1588560-1588632	13	58	0	0
108945	108945	duplication	1	1915099	1915455	chr20	chr20:1915099-1915455	21	693	1058	1.53
113484	113485	deletion	2	10541111	10542447	chr21	chr21:10541111-10542447	9.45	962	667	0.693
115323	115323	duplication	1	16964766	16964862	chr22	chr22:16964766-16964862	5.5	102	158	1.55
115717	115719	duplication	3	20394629	20400758	chr22	chr22:20394629-20400758	6.96	337	451	1.34
115959	115960	deletion	2	22244814	22245337	chr22	chr22:22244814-22245337	17	362	203	0.561
115975	115978	deletion	4	22487767	22556832	chr22	chr22:22487767-22556832	35.8	3002	2026	0.675
116314	116317	duplication	4	25351799	25360092	chr22	chr22:25351799-25360092	39.2	1397	1999	1.43
117087	117087	duplication	1	32099183	32099351	chr22	chr22:32099183-32099351	5.71	229	316	1.38
117975	117975	duplication	1	40423536	40423685	chr22	chr22:40423536-40423685	9.06	569	769	1.35
120280	120283	duplication	4	16594533	16597051	chr3	chr3:16594533-16597051	9.32	324	447	1.38
130093	130094	deletion	2	195747176	195749064	chr3	chr3:195747176-195749064	5.48	412	286	0.694
130445	130445	deletion	1	865122	865244	chr4	chr4:865122-865244	4.89	60	28	0.467
133144	133147	duplication	4	68537625	68568484	chr4	chr4:68537625-68568484	93.8	2019	3348	1.66
133670	133670	duplication	1	76007386	76007449	chr4	chr4:76007386-76007449	11.2	1018	1363	1.34
138029	138029	duplication	1	6616727	6616857	chr5	chr5:6616727-6616857	11	318	469	1.47
139315	139315	duplication	1	42629038	42629103	chr5	chr5:42629038-42629103	18.7	357	587	1.64
140234	140234	deletion	1	71012348	71012915	chr5	chr5:71012348-71012915	16.7	75	0	0
143421	143421	deletion	1	140856049	140858436	chr5	chr5:140856049-140858436	14.3	1288	860	0.668
145906	145906	duplication	1	180848792	180851493	chr5	chr5:180848792-180851493	5.82	238	328	1.38
145911	145914	duplication	4	180949904	180997488	chr5	chr5:180949904-180997488	8.54	150	232	1.55
145953	145953	deletion	1	292540	292560	chr6	chr6:292540-292560	4.63	100	58	0.58
147103	147103	duplication	1	28434465	28435078	chr6	chr6:28434465-28435078	5.32	107	163	1.52
147198	147205	duplication	8	29942554	29945455	chr6	chr6:29942554-29945455	74.6	1104	1855	1.68
147522	147526	deletion	5	31269493	31271868	chr6	chr6:31269493-31271868	26.9	172	38	0.221
147528	147532	duplication	5	31354483	31356442	chr6	chr6:31354483-31356442	11.6	899	1149	1.28
148086	148091	deletion	6	32579091	32589742	chr6	chr6:32579091-32589742	20	91	1	0.011
158026	158033	duplication	8	64045622	64266869	chr7	chr7:64045622-64266869	9.2	648	831	1.28
161815	161815	duplication	1	130380521	130380585	chr7	chr7:130380521-130380585	4.62	305	402	1.32
169914	169920	duplication	7	144721644	144778164	chr8	chr8:144721644-144778164	12.4	700	928	1.33
