start.p	end.p	type	nexons	start	end	chromosome	id	BF	reads.expected	reads.observed	reads.ratio
1990	1992	deletion	3	16922019	16924479	chr1	chr1:16922019-16924479	8.44	304	194	0.638
1996	2003	deletion	8	16931291	16946991	chr1	chr1:16931291-16946991	21.8	1041	685	0.658
5803	5803	duplication	1	45613169	45613248	chr1	chr1:45613169-45613248	16.5	255	436	1.71
8214	8214	duplication	1	89011747	89012027	chr1	chr1:89011747-89012027	6.11	398	533	1.34
9044	9048	duplication	5	103573063	103579500	chr1	chr1:103573063-103579500	16.3	5351	6714	1.25
9392	9396	duplication	5	109687874	109690564	chr1	chr1:109687874-109690564	320	2775	8473	3.05
10312	10315	deletion	4	145828748	145836573	chr1	chr1:145828748-145836573	18.2	107	18	0.168
10318	10330	duplication	13	145838055	145848478	chr1	chr1:145838055-145848478	23.2	970	1324	1.36
10396	10396	duplication	1	145926808	145926885	chr1	chr1:145926808-145926885	5.28	51	95	1.86
14906	14906	duplication	1	196826829	196827005	chr1	chr1:196826829-196827005	5.13	433	569	1.31
20257	20258	deletion	2	34284135	34317338	chr10	chr10:34284135-34317338	14.8	1377	948	0.688
20360	20360	deletion	1	42429116	42429151	chr10	chr10:42429116-42429151	7.07	58	19	0.328
20524	20528	duplication	5	46309113	46330084	chr10	chr10:46309113-46330084	18.9	497	763	1.54
20738	20738	deletion	1	50202829	50202924	chr10	chr10:50202829-50202924	11.7	588	375	0.638
20744	20744	deletion	1	50205982	50206097	chr10	chr10:50205982-50206097	55.7	264	0	0
20746	20746	deletion	1	50210823	50210904	chr10	chr10:50210823-50210904	55.7	264	0	0
23329	23330	duplication	2	97445732	97445985	chr10	chr10:97445732-97445985	5.25	275	367	1.33
27016	27016	duplication	1	5777660	5778634	chr11	chr11:5777660-5778634	10.2	747	1015	1.36
29666	29668	deletion	3	55603441	55651839	chr11	chr11:55603441-55651839	84.5	3260	1803	0.553
37912	37912	duplication	1	11091300	11092229	chr12	chr12:11091300-11092229	14.5	157	292	1.86
40596	40597	deletion	2	52692421	52692880	chr12	chr12:52692421-52692880	16.6	569	350	0.615
50001	50001	duplication	1	102694369	102694498	chr13	chr13:102694369-102694498	4.47	157	220	1.4
50869	50869	duplication	1	21477279	21477284	chr14	chr14:21477279-21477284	4.78	358	472	1.32
61115	61115	duplication	1	74873199	74873255	chr15	chr15:74873199-74873255	10.4	219	341	1.56
66040	66043	duplication	4	28605821	28607077	chr16	chr16:28605821-28607077	82.7	1907	3111	1.63
66168	66168	duplication	1	29679120	29679210	chr16	chr16:29679120-29679210	13.5	297	466	1.57
74807	74810	deletion	4	36195286	36212569	chr17	chr17:36195286-36212569	46.1	217	5	0.023
75664	75664	duplication	1	41275698	41276207	chr17	chr17:41275698-41276207	5.61	120	182	1.52
75998	75998	duplication	1	42346569	42346713	chr17	chr17:42346569-42346713	34.4	753	1322	1.76
76718	76718	duplication	1	45061330	45061460	chr17	chr17:45061330-45061460	9.9	326	474	1.45
76820	76849	duplication	30	45844907	46172143	chr17	chr17:45844907-46172143	47.5	1833	2523	1.38
88360	88360	duplication	1	16566532	16566657	chr19	chr19:16566532-16566657	7.11	255	362	1.42
91231	91231	duplication	1	40777397	40777420	chr19	chr19:40777397-40777420	4.78	397	521	1.31
91990	91991	deletion	2	45090115	45093527	chr19	chr19:45090115-45093527	5.41	127	74	0.583
92142	92142	duplication	1	45584623	45584764	chr19	chr19:45584623-45584764	9.1	243	362	1.49
94023	94023	duplication	1	54159564	54159695	chr19	chr19:54159564-54159695	4.67	116	171	1.47
94178	94178	deletion	1	54739507	54739542	chr19	chr19:54739507-54739542	6.71	36	4	0.111
94189	94196	duplication	8	54829361	54847943	chr19	chr19:54829361-54847943	44	3250	4323	1.33
99637	99637	duplication	1	85343242	85343381	chr2	chr2:85343242-85343381	4.86	141	203	1.44
108937	108937	duplication	1	1588560	1588632	chr20	chr20:1588560-1588632	11.7	63	151	2.4
108945	108945	duplication	1	1915099	1915455	chr20	chr20:1915099-1915455	9.31	711	959	1.35
116314	116317	duplication	4	25351799	25360092	chr22	chr22:25351799-25360092	32.3	1415	1974	1.4
122304	122305	duplication	2	48584910	48585116	chr3	chr3:48584910-48585116	6.01	173	247	1.43
133144	133147	duplication	4	68537625	68568484	chr4	chr4:68537625-68568484	85.7	1855	3049	1.64
133169	133170	duplication	2	69290592	69294809	chr4	chr4:69290592-69294809	10.4	1387	1787	1.29
133216	133216	deletion	1	69960945	69960995	chr4	chr4:69960945-69960995	9.03	196	109	0.556
133670	133670	deletion	1	76007386	76007449	chr4	chr4:76007386-76007449	11.3	690	450	0.652
139315	139315	duplication	1	42629038	42629103	chr5	chr5:42629038-42629103	9.16	396	557	1.41
140234	140234	deletion	1	71012348	71012915	chr5	chr5:71012348-71012915	7.18	32	0	0
143421	143421	deletion	1	140856049	140858436	chr5	chr5:140856049-140858436	27.2	1345	784	0.583
143836	143836	deletion	1	148174234	148174370	chr5	chr5:148174234-148174370	35	162	0	0
147201	147202	duplication	2	29944122	29944616	chr6	chr6:29944122-29944616	21.2	384	616	1.6
147520	147527	duplication	8	31269169	31272071	chr6	chr6:31269169-31272071	46.6	683	1134	1.66
147520	147530	deletion	3	31269169	31355223	chr6	chr6:31269169-31355223	-126	1195	1490	1.25
147533	147534	duplication	2	31356688	31357158	chr6	chr6:31356688-31357158	6.6	79	136	1.72
148080	148091	duplication	12	32517739	32589742	chr6	chr6:32517739-32589742	103	504	1256	2.49
152913	152913	deletion	1	122451664	122451754	chr6	chr6:122451664-122451754	7.18	114	58	0.509
155112	155138	duplication	27	167943129	168079094	chr6	chr6:167943129-168079094	202	7541	10876	1.44
155896	155900	deletion	5	6674150	6675322	chr7	chr7:6674150-6675322	6.59	131	75	0.573
156962	156962	deletion	1	33155638	33155702	chr7	chr7:33155638-33155702	31.4	348	124	0.356
176823	176823	duplication	1	136849431	136849590	chr9	chr9:136849431-136849590	6.28	143	215	1.5
