start.p	end.p	type	nexons	start	end	chromosome	id	BF	reads.expected	reads.observed	reads.ratio
2758	2758	deletion	1	22005662	22005796	chr1	chr1:22005662-22005796	20.9	578	327	0.566
8213	8214	deletion	2	89010904	89012027	chr1	chr1:89010904-89012027	17.2	1109	743	0.67
9044	9048	duplication	5	103573063	103579500	chr1	chr1:103573063-103579500	89.9	4798	6798	1.42
9392	9396	duplication	5	109687874	109690564	chr1	chr1:109687874-109690564	36.1	2070	2826	1.37
10310	10311	deletion	2	145826453	145827004	chr1	chr1:145826453-145827004	5.43	24	0	0
10318	10330	deletion	13	145838055	145848478	chr1	chr1:145838055-145848478	102	916	307	0.335
10396	10398	deletion	3	145926808	145927425	chr1	chr1:145926808-145927425	6.52	47	13	0.277
10426	10429	duplication	4	147162440	147167933	chr1	chr1:147162440-147167933	15.2	210	348	1.66
11079	11080	duplication	2	152600732	152614098	chr1	chr1:152600732-152614098	84.6	268	946	3.53
14902	14906	duplication	5	196774887	196827005	chr1	chr1:196774887-196827005	8.81	1779	2224	1.25
19885	19885	deletion	1	26702162	26702194	chr10	chr10:26702162-26702194	8	51	11	0.216
20525	20528	duplication	4	46310461	46330084	chr10	chr10:46310461-46330084	12.8	531	741	1.4
20744	20744	duplication	1	50205982	50206097	chr10	chr10:50205982-50206097	9.82	323	464	1.44
20746	20746	duplication	1	50210823	50210904	chr10	chr10:50210823-50210904	9.82	323	464	1.44
27016	27016	deletion	1	5777660	5778634	chr11	chr11:5777660-5778634	15.3	724	458	0.633
27244	27256	duplication	13	7549476	7635593	chr11	chr11:7549476-7635593	135	5144	7350	1.43
29667	29668	duplication	2	55638358	55651839	chr11	chr11:55638358-55651839	11.2	2426	3079	1.27
46683	46683	duplication	1	124012145	124012930	chr12	chr12:124012145-124012930	39.1	941	1590	1.69
50555	50557	duplication	3	19876268	19936602	chr14	chr14:19876268-19936602	84.9	7262	10382	1.43
51397	51397	deletion	1	23988948	23989075	chr14	chr14:23988948-23989075	6.89	123	66	0.537
54476	54476	duplication	1	75039911	75040015	chr14	chr14:75039911-75040015	6.06	135	203	1.5
56629	56630	duplication	2	23009944	23011330	chr15	chr15:23009944-23011330	5.56	41	82	2
56635	56638	duplication	4	23024736	23031019	chr15	chr15:23024736-23031019	6.13	120	181	1.51
72044	72044	deletion	1	7675053	7675236	chr17	chr17:7675053-7675236	18.9	335	169	0.504
74807	74807	deletion	1	36195286	36195376	chr17	chr17:36195286-36195376	6.39	28	0	0
74809	74810	duplication	2	36196598	36212569	chr17	chr17:36196598-36212569	32.9	149	395	2.65
75663	75664	duplication	2	41265378	41276207	chr17	chr17:41265378-41276207	10.6	352	494	1.4
75998	75998	duplication	1	42346569	42346713	chr17	chr17:42346569-42346713	60.4	791	1667	2.11
76826	76849	deletion	24	45987040	46172143	chr17	chr17:45987040-46172143	26.8	1275	850	0.667
86543	86543	duplication	1	8945497	8967189	chr19	chr19:8945497-8967189	5.16	161	229	1.42
89320	89321	deletion	2	20006005	20023099	chr19	chr19:20006005-20023099	5.92	127	74	0.583
91661	91664	deletion	4	43203886	43258456	chr19	chr19:43203886-43258456	101	3828	2178	0.569
94178	94178	duplication	1	54739507	54739542	chr19	chr19:54739507-54739542	19.3	36	164	4.56
94188	94196	duplication	9	54821565	54847943	chr19	chr19:54821565-54847943	112	2973	4510	1.52
108936	108937	deletion	2	1578338	1588632	chr20	chr20:1578338-1588632	31.6	864	487	0.564
108945	108945	deletion	1	1915099	1915455	chr20	chr20:1915099-1915455	13	724	471	0.651
118287	118287	duplication	1	42516011	42516136	chr22	chr22:42516011-42516136	5.69	221	306	1.38
130948	130949	deletion	2	4246202	4247625	chr4	chr4:4246202-4247625	36.2	778	418	0.537
133169	133170	deletion	2	69290592	69294809	chr4	chr4:69290592-69294809	35.2	1383	847	0.612
133670	133670	duplication	1	76007386	76007449	chr4	chr4:76007386-76007449	24.4	832	1261	1.52
139315	139315	deletion	1	42629038	42629103	chr5	chr5:42629038-42629103	6.24	396	268	0.677
140234	140234	duplication	1	71012348	71012915	chr5	chr5:71012348-71012915	4.75	58	99	1.71
143421	143421	duplication	1	140856049	140858436	chr5	chr5:140856049-140858436	7.57	1248	1607	1.29
143836	143836	deletion	1	148174234	148174370	chr5	chr5:148174234-148174370	38.4	176	0	0
147198	147205	deletion	8	29942554	29945455	chr6	chr6:29942554-29945455	153	992	198	0.2
147521	147534	deletion	14	31269338	31357158	chr6	chr6:31269338-31357158	82	1382	741	0.536
148080	148091	deletion	12	32517739	32589742	chr6	chr6:32517739-32589742	53	401	120	0.299
148180	148180	deletion	1	33068650	33068804	chr6	chr6:33068650-33068804	14.8	132	45	0.341
148188	148188	deletion	1	33086219	33086238	chr6	chr6:33086219-33086238	22.1	484	257	0.531
158391	158393	deletion	3	75007993	75017790	chr7	chr7:75007993-75017790	5.97	51	18	0.353
