start.p	end.p	type	nexons	start	end	chromosome	id	BF	reads.expected	reads.observed	reads.ratio
1996	1998	deletion	3	16931291	16937737	chr1	chr1:16931291-16937737	9.35	646	443	0.686
4214	4282	duplication	69	33493187	33935954	chr1	chr1:33493187-33935954	555	20098	28594	1.42
9392	9396	deletion	5	109687874	109690564	chr1	chr1:109687874-109690564	422	2283	36	0.0158
10313	10315	deletion	3	145833259	145836573	chr1	chr1:145833259-145836573	15.2	79	8	0.101
10396	10396	deletion	1	145926808	145926885	chr1	chr1:145926808-145926885	5.72	52	19	0.365
10426	10429	duplication	4	147162440	147167933	chr1	chr1:147162440-147167933	38	215	512	2.38
11079	11080	duplication	2	152600732	152614098	chr1	chr1:152600732-152614098	15.7	354	535	1.51
11726	11726	deletion	1	155290572	155290678	chr1	chr1:155290572-155290678	5.06	254	168	0.661
14902	14906	duplication	5	196774887	196827005	chr1	chr1:196774887-196827005	13	1580	2007	1.27
17699	17699	duplication	1	234231417	234231741	chr1	chr1:234231417-234231741	4.93	117	173	1.48
19885	19885	deletion	1	26702162	26702194	chr10	chr10:26702162-26702194	7.07	41	7	0.171
20525	20528	deletion	4	46310461	46330084	chr10	chr10:46310461-46330084	26.7	435	210	0.483
25263	25263	deletion	1	121593709	121593817	chr10	chr10:121593709-121593817	8.3	339	216	0.637
26309	26312	duplication	4	721903	722805	chr11	chr11:721903-722805	6.77	252	345	1.37
28110	28111	deletion	2	18245377	18269855	chr11	chr11:18245377-18269855	80	880	303	0.344
34961	34961	deletion	1	116861274	116861383	chr11	chr11:116861274-116861383	5.81	319	213	0.668
38606	38606	deletion	1	25245274	25245384	chr12	chr12:25245274-25245384	5.63	220	141	0.641
47463	47463	deletion	1	24316004	24316169	chr13	chr13:24316004-24316169	5.94	474	326	0.688
50555	50557	duplication	3	19876268	19936602	chr14	chr14:19876268-19936602	139	7362	12226	1.66
74807	74810	duplication	4	36195286	36212569	chr17	chr17:36195286-36212569	43	161	470	2.92
75663	75664	duplication	2	41265378	41276207	chr17	chr17:41265378-41276207	9.01	404	549	1.36
75679	75679	deletion	1	41381899	41382372	chr17	chr17:41381899-41382372	8.44	96	41	0.427
75998	75998	deletion	1	42346569	42346713	chr17	chr17:42346569-42346713	21.2	653	371	0.568
76820	76843	duplication	24	45844907	46039884	chr17	chr17:45844907-46039884	27	1523	2007	1.32
88025	88025	duplication	1	14766978	14767109	chr19	chr19:14766978-14767109	5.7	279	379	1.36
88027	88028	duplication	2	14773938	14774306	chr19	chr19:14773938-14774306	5.38	450	580	1.29
94178	94178	duplication	1	54739507	54739542	chr19	chr19:54739507-54739542	25.9	23	196	8.52
94188	94194	duplication	7	54821565	54839699	chr19	chr19:54821565-54839699	112	2905	4487	1.54
99885	99885	deletion	1	87825658	87825729	chr2	chr2:87825658-87825729	4.39	108	64	0.593
108936	108937	deletion	2	1578338	1588632	chr20	chr20:1578338-1588632	27.3	830	501	0.604
108945	108945	duplication	1	1915099	1915455	chr20	chr20:1915099-1915455	6.38	706	918	1.3
115957	115978	deletion	22	22214807	22556832	chr22	chr22:22214807-22556832	77.4	3485	2135	0.613
121116	121116	deletion	1	38479678	38479826	chr3	chr3:38479678-38479826	6.36	184	112	0.609
133144	133147	duplication	4	68537625	68568484	chr4	chr4:68537625-68568484	118	1634	3033	1.86
133169	133170	duplication	2	69290592	69294809	chr4	chr4:69290592-69294809	10.9	1313	1698	1.29
137802	137802	duplication	1	766698	766952	chr5	chr5:766698-766952	6.21	215	304	1.41
139315	139315	duplication	1	42629038	42629103	chr5	chr5:42629038-42629103	8.71	369	515	1.4
140234	140234	deletion	1	71012348	71012915	chr5	chr5:71012348-71012915	5.87	26	0	0
145436	145437	duplication	2	177337136	177337524	chr5	chr5:177337136-177337524	4.95	265	352	1.33
147192	147193	duplication	2	29827845	29828316	chr6	chr6:29827845-29828316	5.63	175	247	1.41
147198	147205	deletion	8	29942554	29945455	chr6	chr6:29942554-29945455	159	961	154	0.16
147520	147534	deletion	15	31269169	31357158	chr6	chr6:31269169-31357158	160	1725	719	0.417
148080	148099	deletion	20	32517739	32662248	chr6	chr6:32517739-32662248	244	1817	443	0.244
148218	148219	duplication	2	33173348	33173555	chr6	chr6:33173348-33173555	6.72	242	335	1.38
148728	148729	deletion	2	35795146	35795853	chr6	chr6:35795146-35795853	5.38	882	635	0.72
162644	162648	deletion	5	142749485	142753020	chr7	chr7:142749485-142753020	87.5	2325	1297	0.558
167041	167041	deletion	1	86430697	86430751	chr8	chr8:86430697-86430751	6.04	269	175	0.651
173448	173451	deletion	4	104768863	104773073	chr9	chr9:104768863-104773073	79.7	1769	932	0.527
