start.p	end.p	type	nexons	start	end	chromosome	id	BF	reads.expected	reads.observed	reads.ratio
1991	2002	duplication	12	16922663	16946405	chr1	chr1:16922663-16946405	36.7	1395	1936	1.39
2020	2020	deletion	1	16975269	16975342	chr1	chr1:16975269-16975342	6.39	181	109	0.602
8213	8214	duplication	2	89010904	89012027	chr1	chr1:89010904-89012027	7.69	1312	1666	1.27
9392	9396	deletion	5	109687874	109690564	chr1	chr1:109687874-109690564	389	2315	9	0.00389
10318	10319	duplication	2	145838055	145839990	chr1	chr1:145838055-145839990	10.9	85	170	2
10428	10429	duplication	2	147166846	147167933	chr1	chr1:147166846-147167933	18.9	222	398	1.79
11079	11080	deletion	2	152600732	152614098	chr1	chr1:152600732-152614098	83	398	0	0
15529	15533	deletion	5	203171952	203179585	chr1	chr1:203171952-203179585	7.17	647	461	0.713
18355	18356	deletion	2	244970419	245017326	chr1	chr1:244970419-245017326	8.67	337	214	0.635
20533	20533	duplication	1	47000675	47000740	chr10	chr10:47000675-47000740	6.12	189	273	1.44
20738	20738	duplication	1	50202829	50202924	chr10	chr10:50202829-50202924	15.8	774	1147	1.48
20744	20744	duplication	1	50205982	50206097	chr10	chr10:50205982-50206097	26.9	408	790	1.94
20746	20746	duplication	1	50210823	50210904	chr10	chr10:50210823-50210904	26.9	408	790	1.94
25800	25800	deletion	1	132203762	132203927	chr10	chr10:132203762-132203927	4.62	73	38	0.521
27016	27016	deletion	1	5777660	5778634	chr11	chr11:5777660-5778634	8.81	837	567	0.677
28237	28237	deletion	1	18933816	18934784	chr11	chr11:18933816-18934784	4.51	1329	976	0.734
29666	29668	deletion	3	55603441	55651839	chr11	chr11:55603441-55651839	60	3518	2067	0.588
30895	30895	deletion	1	64237187	64237222	chr11	chr11:64237187-64237222	8.64	341	213	0.625
31121	31123	deletion	3	64796809	64797192	chr11	chr11:64796809-64797192	17.1	532	328	0.617
31509	31511	deletion	3	65598291	65605852	chr11	chr11:65598291-65605852	6.06	506	355	0.702
34961	34961	deletion	1	116861274	116861383	chr11	chr11:116861274-116861383	13	393	226	0.575
40616	40618	deletion	3	52792239	52793223	chr12	chr12:52792239-52793223	5.35	179	115	0.642
41690	41691	deletion	2	57096850	57097133	chr12	chr12:57096850-57097133	15.7	446	265	0.594
56629	56630	deletion	2	23009944	23011330	chr15	chr15:23009944-23011330	5.02	50	21	0.42
56635	56641	deletion	7	23024736	23037004	chr15	chr15:23024736-23037004	8.3	178	105	0.59
57199	57199	deletion	1	36892173	36892459	chr15	chr15:36892173-36892459	5.4	553	387	0.7
73962	73962	deletion	1	28728814	28728860	chr17	chr17:28728814-28728860	4.9	209	136	0.651
74807	74810	deletion	4	36195286	36212569	chr17	chr17:36195286-36212569	52.9	248	4	0.0161
75664	75664	deletion	1	41275698	41276207	chr17	chr17:41275698-41276207	6.05	95	49	0.516
75998	75998	deletion	1	42346569	42346713	chr17	chr17:42346569-42346713	58.6	1017	334	0.328
76847	76849	duplication	3	46082441	46172143	chr17	chr17:46082441-46172143	6.86	351	469	1.34
78609	78613	deletion	5	63943746	63947167	chr17	chr17:63943746-63947167	6.43	111	61	0.55
84247	84247	deletion	1	648882	648975	chr19	chr19:648882-648975	11	190	96	0.505
88025	88025	deletion	1	14766978	14767109	chr19	chr19:14766978-14767109	6.31	298	194	0.651
89321	89321	deletion	1	20023004	20023099	chr19	chr19:20023004-20023099	5.15	55	23	0.418
91493	91493	deletion	1	42092069	42092270	chr19	chr19:42092069-42092270	4.9	153	95	0.621
91711	91711	deletion	1	43546884	43546977	chr19	chr19:43546884-43546977	4.85	124	74	0.597
92518	92519	deletion	2	47492961	47493174	chr19	chr19:47492961-47493174	5.64	350	241	0.689
93588	93588	deletion	1	50856240	50856399	chr19	chr19:50856240-50856399	4.67	244	163	0.668
93592	93594	deletion	3	50873474	50874880	chr19	chr19:50873474-50874880	7.03	529	369	0.698
93597	93597	deletion	1	50878404	50878559	chr19	chr19:50878404-50878559	4.95	622	442	0.711
93751	93752	deletion	2	51531160	51531648	chr19	chr19:51531160-51531648	5.79	209	135	0.646
94058	94058	deletion	1	54252366	54252403	chr19	chr19:54252366-54252403	5.22	461	320	0.694
94146	94146	deletion	1	54594441	54594476	chr19	chr19:54594441-54594476	4.85	422	294	0.697
94178	94178	deletion	1	54739507	54739542	chr19	chr19:54739507-54739542	5.33	29	4	0.138
94188	94194	duplication	7	54821565	54839699	chr19	chr19:54821565-54839699	42	3732	4996	1.34
94806	94807	deletion	2	58211560	58213143	chr19	chr19:58211560-58213143	5.3	132	79	0.598
95489	95489	deletion	1	15591934	15591949	chr2	chr2:15591934-15591949	7.36	184	107	0.582
99885	99885	duplication	1	87825658	87825729	chr2	chr2:87825658-87825729	5.78	151	222	1.47
107555	107555	deletion	1	230212761	230213027	chr2	chr2:230212761-230213027	6.76	366	241	0.658
108937	108937	duplication	1	1588560	1588632	chr20	chr20:1588560-1588632	11.8	46	132	2.87
110820	110827	deletion	8	34984854	34988262	chr20	chr20:34984854-34988262	6.79	315	211	0.67
110848	110851	deletion	4	35000768	35001526	chr20	chr20:35000768-35001526	5.69	87	46	0.529
115972	116020	deletion	49	22427713	22895694	chr22	chr22:22427713-22895694	244	4068	1436	0.353
117975	117975	deletion	1	40423536	40423685	chr22	chr22:40423536-40423685	7	571	389	0.681
118436	118436	deletion	1	43880795	43880885	chr22	chr22:43880795-43880885	6.21	201	124	0.617
124603	124604	deletion	2	75741276	75741736	chr3	chr3:75741276-75741736	5.22	128	76	0.594
130093	130094	duplication	2	195747176	195749064	chr3	chr3:195747176-195749064	16.1	438	656	1.5
133499	133501	deletion	3	73869471	73869989	chr4	chr4:73869471-73869989	7.88	221	137	0.62
133670	133670	deletion	1	76007386	76007449	chr4	chr4:76007386-76007449	17.5	898	537	0.598
139315	139315	duplication	1	42629038	42629103	chr5	chr5:42629038-42629103	15.1	411	647	1.57
140234	140234	duplication	1	71012348	71012915	chr5	chr5:71012348-71012915	17.6	79	220	2.78
143421	143421	deletion	1	140856049	140858436	chr5	chr5:140856049-140858436	25.4	1534	870	0.567
143836	143836	duplication	1	148174234	148174370	chr5	chr5:148174234-148174370	17.3	229	422	1.84
147198	147204	deletion	7	29942554	29945281	chr6	chr6:29942554-29945281	18	1069	743	0.695
147521	147534	deletion	14	31269338	31357158	chr6	chr6:31269338-31357158	118	1612	739	0.458
148080	148091	deletion	12	32517739	32589742	chr6	chr6:32517739-32589742	65.9	450	115	0.256
156962	156962	duplication	1	33155638	33155702	chr7	chr7:33155638-33155702	6.32	431	578	1.34
161815	161815	deletion	1	130380521	130380585	chr7	chr7:130380521-130380585	7.06	300	192	0.64
169769	169771	deletion	3	144395098	144395551	chr8	chr8:144395098-144395551	5.93	232	153	0.659
