start.p	end.p	type	nexons	start	end	chromosome	id	BF	reads.expected	reads.observed	reads.ratio
10396	10396	deletion	1	145926808	145926885	chr1	chr1:145926808-145926885	6.15	47	14	0.298
11079	11080	duplication	2	152600732	152614098	chr1	chr1:152600732-152614098	17.3	315	497	1.58
11166	11166	duplication	1	153664043	153664130	chr1	chr1:153664043-153664130	11.1	262	398	1.52
14902	14906	deletion	5	196774887	196827005	chr1	chr1:196774887-196827005	40.9	1628	1026	0.63
18387	18387	deletion	1	246355031	246355094	chr1	chr1:246355031-246355094	7.82	159	88	0.553
20520	20522	duplication	3	46298002	46306872	chr10	chr10:46298002-46306872	8.12	219	318	1.45
20542	20542	duplication	1	47357101	47357456	chr10	chr10:47357101-47357456	9.75	763	1023	1.34
20744	20744	deletion	1	50205982	50206097	chr10	chr10:50205982-50206097	5.26	268	177	0.66
20746	20746	deletion	1	50210823	50210904	chr10	chr10:50210823-50210904	5.26	268	177	0.66
22574	22574	duplication	1	90918865	90918972	chr10	chr10:90918865-90918972	6.61	289	399	1.38
27016	27017	deletion	2	5777660	5788816	chr11	chr11:5777660-5788816	145	1522	573	0.376
72044	72044	duplication	1	7675053	7675236	chr17	chr17:7675053-7675236	20.5	380	623	1.64
74807	74810	deletion	4	36195286	36212569	chr17	chr17:36195286-36212569	36.3	168	2	0.0119
75998	75998	deletion	1	42346569	42346713	chr17	chr17:42346569-42346713	39.5	690	315	0.457
76820	76826	duplication	7	45844907	45987095	chr17	chr17:45844907-45987095	13	495	681	1.38
76841	76843	duplication	3	46038538	46039884	chr17	chr17:46038538-46039884	11.1	403	562	1.39
78596	78600	deletion	5	63917309	63918776	chr17	chr17:63917309-63918776	121	2607	1351	0.518
81708	81708	deletion	1	9280941	9281126	chr18	chr18:9280941-9281126	14.6	299	161	0.538
88025	88025	deletion	1	14766978	14767109	chr19	chr19:14766978-14767109	5.14	250	164	0.656
90287	90287	deletion	1	36151669	36151755	chr19	chr19:36151669-36151755	5.2	53	21	0.396
91645	91656	deletion	12	42879518	43026372	chr19	chr19:42879518-43026372	404	13704	7602	0.555
92290	92293	deletion	4	46120330	46124649	chr19	chr19:46120330-46124649	90.8	2242	1202	0.536
94178	94178	deletion	1	54739507	54739542	chr19	chr19:54739507-54739542	6.57	38	6	0.158
94189	94196	duplication	8	54829361	54847943	chr19	chr19:54829361-54847943	107	2899	4438	1.53
94581	94581	deletion	1	56177109	56177195	chr19	chr19:56177109-56177195	9.79	203	112	0.552
99885	99885	duplication	1	87825658	87825729	chr2	chr2:87825658-87825729	4.54	114	168	1.47
107424	107424	duplication	1	227379086	227379268	chr2	chr2:227379086-227379268	5.15	245	334	1.36
108936	108937	deletion	2	1578338	1588632	chr20	chr20:1578338-1588632	33.2	825	461	0.559
108945	108945	deletion	1	1915099	1915455	chr20	chr20:1915099-1915455	5	662	470	0.71
115959	115978	deletion	20	22244814	22556832	chr22	chr22:22244814-22556832	48.2	3181	2079	0.654
133144	133147	deletion	4	68537625	68568484	chr4	chr4:68537625-68568484	376	1824	1	0.000548
133169	133170	deletion	2	69290592	69294809	chr4	chr4:69290592-69294809	28.8	1326	837	0.631
133670	133670	deletion	1	76007386	76007449	chr4	chr4:76007386-76007449	7.53	692	477	0.689
136047	136047	duplication	1	139730416	139730667	chr4	chr4:139730416-139730667	4.69	12	43	3.58
139315	139315	deletion	1	42629038	42629103	chr5	chr5:42629038-42629103	78.6	374	0	0
140234	140234	duplication	1	71012348	71012915	chr5	chr5:71012348-71012915	9.04	41	105	2.56
140446	140450	deletion	5	74685261	74697106	chr5	chr5:74685261-74697106	47.4	1145	650	0.568
143421	143421	deletion	1	140856049	140858436	chr5	chr5:140856049-140858436	18	1168	754	0.646
143836	143836	deletion	1	148174234	148174370	chr5	chr5:148174234-148174370	33.3	154	1	0.00649
147203	147205	duplication	3	29945059	29945455	chr6	chr6:29945059-29945455	15	372	548	1.47
147520	147530	deletion	11	31269169	31355223	chr6	chr6:31269169-31355223	98.4	970	371	0.382
147532	147534	deletion	3	31356167	31357158	chr6	chr6:31356167-31357158	13.4	107	33	0.308
148080	148085	deletion	6	32517739	32530224	chr6	chr6:32517739-32530224	46.6	250	27	0.108
148080	148088	duplication	3	32517739	32580856	chr6	chr6:32517739-32580856	-42.3	278	97	0.349
148091	148099	duplication	9	32589643	32662248	chr6	chr6:32589643-32662248	32.7	1413	1944	1.38
152913	152913	deletion	1	122451664	122451754	chr6	chr6:122451664-122451754	7.32	103	50	0.485
156962	156962	deletion	1	33155638	33155702	chr7	chr7:33155638-33155702	27	332	135	0.407
