start.p	end.p	type	nexons	start	end	chromosome	id	BF	reads.expected	reads.observed	reads.ratio
8213	8214	duplication	2	89010904	89012027	chr1	chr1:89010904-89012027	8.63	1246	1594	1.28
9392	9396	deletion	5	109687874	109690564	chr1	chr1:109687874-109690564	512	2726	2	0.000734
10310	10311	deletion	2	145826453	145827004	chr1	chr1:145826453-145827004	6.29	28	0	0
10313	10315	duplication	3	145833259	145836573	chr1	chr1:145833259-145836573	19.1	123	267	2.17
10318	10321	deletion	4	145838055	145841070	chr1	chr1:145838055-145841070	31.4	691	392	0.567
10327	10330	deletion	4	145847249	145848478	chr1	chr1:145847249-145848478	44.4	267	44	0.165
10396	10396	deletion	1	145926808	145926885	chr1	chr1:145926808-145926885	7.81	52	12	0.231
10428	10429	deletion	2	147166846	147167933	chr1	chr1:147166846-147167933	5.1	223	146	0.655
11079	11080	deletion	2	152600732	152614098	chr1	chr1:152600732-152614098	73.2	342	2	0.00585
11166	11166	duplication	1	153664043	153664130	chr1	chr1:153664043-153664130	4.7	306	407	1.33
14902	14906	deletion	5	196774887	196827005	chr1	chr1:196774887-196827005	32.8	1906	1267	0.665
18387	18387	deletion	1	246355031	246355094	chr1	chr1:246355031-246355094	10.2	179	93	0.52
20524	20528	deletion	5	46309113	46330084	chr10	chr10:46309113-46330084	56.8	547	169	0.309
20738	20738	deletion	1	50202829	50202924	chr10	chr10:50202829-50202924	8.58	658	445	0.676
20744	20744	deletion	1	50205982	50206097	chr10	chr10:50205982-50206097	7.11	317	204	0.644
20746	20746	deletion	1	50210823	50210904	chr10	chr10:50210823-50210904	7.11	317	204	0.644
27016	27016	deletion	1	5777660	5778634	chr11	chr11:5777660-5778634	5.91	800	566	0.708
29666	29668	duplication	3	55603441	55651839	chr11	chr11:55603441-55651839	23.6	3130	4097	1.31
34961	34961	deletion	1	116861274	116861383	chr11	chr11:116861274-116861383	4.95	365	249	0.682
37761	37761	deletion	1	9607755	9607839	chr12	chr12:9607755-9607839	40.3	1137	578	0.508
37912	37912	deletion	1	11091300	11092229	chr12	chr12:11091300-11092229	36.4	168	0	0
40596	40597	deletion	2	52692421	52692880	chr12	chr12:52692421-52692880	11.7	572	374	0.654
54476	54476	deletion	1	75039911	75040015	chr14	chr14:75039911-75040015	6.11	151	88	0.583
72044	72044	duplication	1	7675053	7675236	chr17	chr17:7675053-7675236	4.76	432	565	1.31
74808	74809	deletion	2	36195798	36196673	chr17	chr17:36195798-36196673	15.5	94	16	0.17
74808	74810	duplication	1	36195798	36212569	chr17	chr17:36195798-36212569	-8.83	174	165	0.948
75998	75998	deletion	1	42346569	42346713	chr17	chr17:42346569-42346713	37.1	768	366	0.477
76832	76832	deletion	1	46010310	46010402	chr17	chr17:46010310-46010402	4.63	20	0	0
76840	76843	duplication	4	46034161	46039884	chr17	chr17:46034161-46039884	10.2	577	768	1.33
94054	94057	deletion	4	54218645	54239089	chr19	chr19:54218645-54239089	130	2144	965	0.45
94178	94178	deletion	1	54739507	54739542	chr19	chr19:54739507-54739542	6.08	41	10	0.244
94190	94196	deletion	7	54829928	54847943	chr19	chr19:54829928-54847943	13.2	2398	1741	0.726
107672	107672	duplication	1	231165200	231165286	chr2	chr2:231165200-231165286	8.34	257	373	1.45
108937	108937	deletion	1	1588560	1588632	chr20	chr20:1588560-1588632	14.9	69	1	0.0145
108945	108945	deletion	1	1915099	1915455	chr20	chr20:1915099-1915455	8.33	775	532	0.686
115975	115978	duplication	4	22487767	22556832	chr22	chr22:22487767-22556832	11.9	3291	4142	1.26
116002	116020	duplication	19	22758741	22895694	chr22	chr22:22758741-22895694	20.5	392	602	1.54
133144	133147	deletion	4	68537625	68568484	chr4	chr4:68537625-68568484	429	2159	4	0.00185
133169	133170	deletion	2	69290592	69294809	chr4	chr4:69290592-69294809	34.5	1546	948	0.613
133216	133216	duplication	1	69960945	69960995	chr4	chr4:69960945-69960995	5.97	204	289	1.42
133670	133670	deletion	1	76007386	76007449	chr4	chr4:76007386-76007449	23.6	780	444	0.569
139315	139315	deletion	1	42629038	42629103	chr5	chr5:42629038-42629103	4.75	424	294	0.693
140234	140234	deletion	1	71012348	71012915	chr5	chr5:71012348-71012915	11.3	51	0	0
143836	143837	duplication	2	148174234	148175398	chr5	chr5:148174234-148175398	30.2	326	618	1.9
147198	147205	duplication	8	29942554	29945455	chr6	chr6:29942554-29945455	28.1	953	1338	1.4
147520	147534	duplication	15	31269169	31357158	chr6	chr6:31269169-31357158	157	1642	3072	1.87
148080	148101	duplication	22	32517739	32666607	chr6	chr6:32517739-32666607	375	2018	5097	2.53
148728	148730	duplication	3	35795146	35797288	chr6	chr6:35795146-35797288	19.3	1221	1646	1.35
