start.p	end.p	type	nexons	start	end	chromosome	id	BF	reads.expected	reads.observed	reads.ratio
1990	2003	deletion	14	16922019	16946991	chr1	chr1:16922019-16946991	13.4	1207	854	0.708
5803	5803	duplication	1	45613169	45613248	chr1	chr1:45613169-45613248	12.5	233	383	1.64
8213	8214	duplication	2	89010904	89012027	chr1	chr1:89010904-89012027	11	1022	1348	1.32
9393	9396	duplication	4	109689048	109690564	chr1	chr1:109689048-109690564	64.9	1684	2790	1.66
10310	10319	deletion	10	145826453	145839990	chr1	chr1:145826453-145839990	10.6	231	136	0.589
11078	11080	deletion	3	152579658	152614098	chr1	chr1:152579658-152614098	48.3	655	330	0.504
18523	18524	deletion	2	248592830	248627128	chr1	chr1:248592830-248627128	44.2	1485	801	0.539
19885	19885	deletion	1	26702162	26702194	chr10	chr10:26702162-26702194	10.3	55	6	0.109
20525	20528	duplication	4	46310461	46330084	chr10	chr10:46310461-46330084	10	495	684	1.38
22344	22344	deletion	1	86958698	86958818	chr10	chr10:86958698-86958818	8.23	336	211	0.628
27016	27016	duplication	1	5777660	5778634	chr11	chr11:5777660-5778634	11.3	642	908	1.41
28237	28237	deletion	1	18933816	18934784	chr11	chr11:18933816-18934784	4.56	1105	806	0.729
29666	29668	deletion	3	55603441	55651839	chr11	chr11:55603441-55651839	49.7	2791	1671	0.599
31121	31123	deletion	3	64796809	64797192	chr11	chr11:64796809-64797192	6.68	417	287	0.688
31509	31511	deletion	3	65598291	65605852	chr11	chr11:65598291-65605852	7.22	405	275	0.679
34961	34961	deletion	1	116861274	116861383	chr11	chr11:116861274-116861383	11.8	315	178	0.565
37912	37912	duplication	1	11091300	11092229	chr12	chr12:11091300-11092229	20	99	268	2.71
41690	41691	deletion	2	57096850	57097133	chr12	chr12:57096850-57097133	13.1	350	207	0.591
56629	56636	deletion	8	23009944	23026204	chr15	chr15:23009944-23026204	8.8	205	124	0.605
74808	74810	duplication	3	36195798	36212569	chr17	chr17:36195798-36212569	25.8	165	384	2.33
75664	75664	deletion	1	41275698	41276207	chr17	chr17:41275698-41276207	4.48	83	46	0.554
75998	75998	deletion	1	42346569	42346713	chr17	chr17:42346569-42346713	38.6	704	281	0.399
76832	76837	deletion	6	46010310	46032299	chr17	chr17:46010310-46032299	6.4	82	40	0.488
80351	80351	deletion	1	78806156	78806286	chr17	chr17:78806156-78806286	8.28	363	230	0.634
84246	84247	deletion	2	648372	648975	chr19	chr19:648372-648975	7.7	172	98	0.57
89991	89991	deletion	1	35644652	35644852	chr19	chr19:35644652-35644852	4.96	114	66	0.579
91449	91449	deletion	1	41966937	41966965	chr19	chr19:41966937-41966965	7.61	278	173	0.622
91493	91493	deletion	1	42092069	42092270	chr19	chr19:42092069-42092270	6.01	119	66	0.555
93451	93451	deletion	1	50406182	50406322	chr19	chr19:50406182-50406322	5.67	95	50	0.526
94058	94059	deletion	2	54252366	54252549	chr19	chr19:54252366-54252549	8.2	744	521	0.7
94175	94176	deletion	2	54735253	54735872	chr19	chr19:54735253-54735872	16.2	1063	706	0.664
94178	94178	deletion	1	54739507	54739542	chr19	chr19:54739507-54739542	5.27	27	3	0.111
94190	94196	deletion	7	54829928	54847943	chr19	chr19:54829928-54847943	60.3	2223	1340	0.603
94753	94754	deletion	2	57776543	57779796	chr19	chr19:57776543-57779796	5.18	484	343	0.709
108945	108945	duplication	1	1915099	1915455	chr20	chr20:1915099-1915455	9.99	594	829	1.4
113037	113039	deletion	3	62413401	62415287	chr20	chr20:62413401-62415287	7.81	202	122	0.604
113969	113993	duplication	25	32673340	32755353	chr21	chr21:32673340-32755353	207	8562	12211	1.43
115323	115323	deletion	1	16964766	16964862	chr22	chr22:16964766-16964862	6.22	71	31	0.437
115975	115978	duplication	4	22487767	22556832	chr22	chr22:22487767-22556832	30.4	2666	3606	1.35
116104	116105	deletion	2	23780359	23780715	chr22	chr22:23780359-23780715	6.65	143	83	0.58
119101	119105	deletion	5	50504559	50505537	chr22	chr22:50504559-50505537	7.42	281	184	0.655
120280	120285	deletion	6	16594533	16598178	chr3	chr3:16594533-16598178	6.56	295	199	0.675
124753	124753	deletion	1	94053187	94053263	chr3	chr3:94053187-94053263	5.77	160	96	0.6
133144	133147	duplication	4	68537625	68568484	chr4	chr4:68537625-68568484	65.2	1649	2648	1.61
133499	133501	deletion	3	73869471	73869989	chr4	chr4:73869471-73869989	6.66	172	105	0.61
133670	133670	deletion	1	76007386	76007449	chr4	chr4:76007386-76007449	20.8	787	438	0.557
141755	141755	deletion	1	111113074	111113153	chr5	chr5:111113074-111113153	5.19	353	240	0.68
145953	145957	duplication	5	292540	345928	chr6	chr6:292540-345928	7.3	2184	2688	1.23
147198	147205	deletion	8	29942554	29945455	chr6	chr6:29942554-29945455	153	975	164	0.168
147521	147527	deletion	7	31269338	31272071	chr6	chr6:31269338-31272071	28.4	245	86	0.351
147533	147534	deletion	2	31356688	31357158	chr6	chr6:31356688-31357158	5.42	35	8	0.229
148080	148091	deletion	12	32517739	32589742	chr6	chr6:32517739-32589742	65.2	417	90	0.216
148180	148180	deletion	1	33068650	33068804	chr6	chr6:33068650-33068804	10.2	103	39	0.379
148188	148188	deletion	1	33086219	33086238	chr6	chr6:33086219-33086238	10.6	418	256	0.612
152913	152913	deletion	1	122451664	122451754	chr6	chr6:122451664-122451754	6.16	110	59	0.536
158207	158208	deletion	2	73597182	73599695	chr7	chr7:73597182-73599695	5.7	331	226	0.683
158391	158393	deletion	3	75007993	75017790	chr7	chr7:75007993-75017790	5.91	44	13	0.295
158403	158403	deletion	1	75024633	75024698	chr7	chr7:75024633-75024698	6.2	81	38	0.469
161815	161815	deletion	1	130380521	130380585	chr7	chr7:130380521-130380585	5.17	236	154	0.653
174179	174179	deletion	1	114289242	114289295	chr9	chr9:114289242-114289295	4.66	59	28	0.475
