start.p	end.p	type	nexons	start	end	chromosome	id	BF	reads.expected	reads.observed	reads.ratio
1992	2002	deletion	11	16924325	16946405	chr1	chr1:16924325-16946405	18.4	1081	732	0.677
4213	4215	duplication	3	33491025	33495476	chr1	chr1:33491025-33495476	8.78	153	250	1.63
5803	5803	duplication	1	45613169	45613248	chr1	chr1:45613169-45613248	7.27	240	354	1.48
10302	10303	duplication	2	145747994	145750499	chr1	chr1:145747994-145750499	8.08	150	236	1.57
10313	10315	duplication	3	145833259	145836573	chr1	chr1:145833259-145836573	9.45	114	199	1.75
10441	10446	duplication	6	147254870	147266087	chr1	chr1:147254870-147266087	9.79	473	638	1.35
11079	11080	deletion	2	152600732	152614098	chr1	chr1:152600732-152614098	65.4	310	0	0
14906	14906	duplication	1	196826829	196827005	chr1	chr1:196826829-196827005	4.94	391	526	1.35
18454	18456	duplication	3	246999348	247007908	chr1	chr1:246999348-247007908	6.34	138	208	1.51
18497	18498	duplication	2	247738615	247758406	chr1	chr1:247738615-247758406	5.01	40	79	1.98
20360	20361	duplication	2	42429116	42433354	chr10	chr10:42429116-42433354	5.2	114	172	1.51
20430	20433	duplication	4	43475811	43558079	chr10	chr10:43475811-43558079	13.7	341	516	1.51
20525	20528	duplication	4	46310461	46330084	chr10	chr10:46310461-46330084	16.6	498	766	1.54
25263	25263	deletion	1	121593709	121593817	chr10	chr10:121593709-121593817	5.31	310	203	0.655
26825	26830	duplication	6	3359118	3379040	chr11	chr11:3359118-3379040	11.4	224	349	1.56
27015	27016	duplication	2	5754741	5778634	chr11	chr11:5754741-5778634	8.65	782	1061	1.36
28110	28111	deletion	2	18245377	18269855	chr11	chr11:18245377-18269855	69.9	784	235	0.3
29666	29668	deletion	3	55603441	55651839	chr11	chr11:55603441-55651839	40.1	2742	1667	0.608
36753	36756	duplication	4	2567569	2584617	chr12	chr12:2567569-2584617	6.02	110	172	1.56
36768	36782	duplication	15	2608511	2677221	chr12	chr12:2608511-2677221	15.2	420	610	1.45
37910	37912	duplication	3	11030406	11092229	chr12	chr12:11030406-11092229	13.6	621	861	1.39
37916	37916	duplication	1	11308239	11308882	chr12	chr12:11308239-11308882	5.39	852	1120	1.31
38606	38606	deletion	1	25245274	25245384	chr12	chr12:25245274-25245384	8.51	212	118	0.557
40390	40402	duplication	13	51762503	51807429	chr12	chr12:51762503-51807429	11	440	603	1.37
40597	40597	deletion	1	52692755	52692880	chr12	chr12:52692755-52692880	7.66	273	164	0.601
40616	40623	duplication	8	52792239	52807864	chr12	chr12:52792239-52807864	17.2	1238	1632	1.32
40626	40629	duplication	4	52809383	52814058	chr12	chr12:52809383-52814058	7.63	179	266	1.49
40957	40962	duplication	6	54281386	54282874	chr12	chr12:54281386-54282874	12.5	606	831	1.37
47216	47216	duplication	1	133120284	133121918	chr12	chr12:133120284-133121918	6.29	195	288	1.48
47223	47226	duplication	4	133191489	133204530	chr12	chr12:133191489-133204530	12.2	501	717	1.43
47375	47376	duplication	2	21167988	21172504	chr13	chr13:21167988-21172504	6.29	1354	1753	1.29
47648	47648	deletion	1	26337567	26337642	chr13	chr13:26337567-26337642	7.02	197	114	0.579
50555	50557	duplication	3	19876268	19936602	chr14	chr14:19876268-19936602	117	7327	14038	1.92
56646	56650	duplication	5	23442450	23447181	chr15	chr15:23442450-23447181	9.05	288	408	1.42
66040	66043	duplication	4	28605821	28607077	chr16	chr16:28605821-28607077	79.4	1679	3016	1.8
68722	68724	duplication	3	68557998	68564698	chr16	chr16:68557998-68564698	11.1	340	490	1.44
70155	70157	duplication	3	89223157	89228562	chr16	chr16:89223157-89228562	6.34	400	536	1.34
72044	72044	deletion	1	7675053	7675236	chr17	chr17:7675053-7675236	15.1	344	175	0.509
72629	72635	duplication	7	10324022	10340401	chr17	chr17:10324022-10340401	9.36	288	411	1.43
72643	72644	duplication	2	10355084	10357827	chr17	chr17:10355084-10357827	6.23	70	126	1.8
74807	74810	deletion	4	36195286	36212569	chr17	chr17:36195286-36212569	33.3	158	4	0.0253
75664	75664	deletion	1	41275698	41276207	chr17	chr17:41275698-41276207	6.47	93	44	0.473
75998	75998	deletion	1	42346569	42346713	chr17	chr17:42346569-42346713	14.3	697	411	0.59
76820	76828	deletion	9	45844907	45991586	chr17	chr17:45844907-45991586	14.9	718	472	0.657
76838	76849	deletion	12	46033080	46172143	chr17	chr17:46033080-46172143	26.6	891	548	0.615
79278	79361	duplication	84	74203956	74623621	chr17	chr17:74203956-74623621	438	18953	27193	1.43
84934	84936	duplication	3	2827617	2834852	chr19	chr19:2827617-2834852	13.1	245	392	1.6
85964	85967	duplication	4	7076381	7083744	chr19	chr19:7076381-7083744	5.87	557	722	1.3
86558	86559	duplication	2	9251044	9296933	chr19	chr19:9251044-9296933	13.8	499	729	1.46
86611	86614	duplication	4	9757475	9763408	chr19	chr19:9757475-9763408	7.75	416	568	1.37
87299	87309	duplication	11	11597628	11778393	chr19	chr19:11597628-11778393	24.5	2338	3032	1.3
87331	87344	duplication	14	12043805	12133985	chr19	chr19:12043805-12133985	20.8	2688	3465	1.29
87378	87381	duplication	4	12526446	12551332	chr19	chr19:12526446-12551332	11.9	832	1122	1.35
89308	89312	duplication	5	19821601	19892747	chr19	chr19:19821601-19892747	10.7	865	1130	1.31
89320	89330	duplication	11	20006005	20186082	chr19	chr19:20006005-20186082	23.5	1587	2096	1.32
89341	89342	duplication	2	20793783	20807322	chr19	chr19:20793783-20807322	8.84	379	529	1.4
89364	89366	duplication	3	21361766	21375964	chr19	chr19:21361766-21375964	5.72	650	840	1.29
89373	89380	duplication	8	21505772	21765786	chr19	chr19:21505772-21765786	16.3	1870	2396	1.28
89394	89396	duplication	3	22303758	22422224	chr19	chr19:22303758-22422224	10.7	687	919	1.34
89400	89417	duplication	18	22768305	23395354	chr19	chr19:22768305-23395354	38	3916	5066	1.29
89424	89432	duplication	9	23755425	24106643	chr19	chr19:23755425-24106643	18.9	1852	2409	1.3
89761	89764	duplication	4	34929948	34944838	chr19	chr19:34929948-34944838	8.28	428	586	1.37
90286	90287	duplication	2	36151462	36151755	chr19	chr19:36151462-36151755	7.51	224	322	1.44
90307	90309	duplication	3	36546866	36556197	chr19	chr19:36546866-36556197	6.88	301	416	1.38
90314	90317	duplication	4	36638653	36658425	chr19	chr19:36638653-36658425	14.1	366	547	1.49
90332	90339	duplication	8	36908333	36951088	chr19	chr19:36908333-36951088	10.2	614	819	1.33
90357	90360	duplication	4	37374199	37389879	chr19	chr19:37374199-37389879	6.52	290	400	1.38
90370	90372	duplication	3	37532356	37537879	chr19	chr19:37532356-37537879	11.4	164	276	1.68
91645	91656	deletion	12	42879518	43026372	chr19	chr19:42879518-43026372	203	13402	7924	0.591
91776	91779	duplication	4	43837053	43880136	chr19	chr19:43837053-43880136	7.21	894	1143	1.28
91816	91817	duplication	2	44130850	44144647	chr19	chr19:44130850-44144647	10.1	804	1089	1.35
91819	91820	duplication	2	44150413	44158119	chr19	chr19:44150413-44158119	5.05	574	755	1.32
91843	91844	duplication	2	44428303	44432366	chr19	chr19:44428303-44432366	15.5	567	829	1.46
93805	93808	duplication	4	52065107	52084801	chr19	chr19:52065107-52084801	12.4	800	1080	1.35
93812	93814	duplication	3	52154872	52168072	chr19	chr19:52154872-52168072	17	831	1173	1.41
93874	93874	duplication	1	52888127	52888253	chr19	chr19:52888127-52888253	17.6	171	357	2.09
94054	94055	duplication	2	54218645	54218838	chr19	chr19:54218645-54218838	5.88	781	1009	1.29
94057	94057	duplication	1	54238953	54239089	chr19	chr19:54238953-54239089	7.12	367	517	1.41
94178	94180	duplication	3	54739507	54803926	chr19	chr19:54739507-54803926	21.5	66	233	3.53
94188	94196	deletion	9	54821565	54847943	chr19	chr19:54821565-54847943	540	3248	101	0.0311
94693	94702	duplication	10	57394183	57442011	chr19	chr19:57394183-57442011	22.4	1569	2112	1.35
94742	94742	duplication	1	57701635	57702788	chr19	chr19:57701635-57702788	9.74	354	527	1.49
94753	94754	duplication	2	57776543	57779796	chr19	chr19:57776543-57779796	12.3	539	762	1.41
94765	94765	duplication	1	57926150	57928047	chr19	chr19:57926150-57928047	6.95	702	949	1.35
94803	94806	duplication	4	58185712	58211686	chr19	chr19:58185712-58211686	6.03	341	458	1.34
97273	97276	duplication	4	38729556	38745187	chr2	chr2:38729556-38745187	23.6	1215	1713	1.41
97907	97907	deletion	1	50054955	50055044	chr2	chr2:50054955-50055044	5.42	43	13	0.302
97915	97920	duplication	6	50528625	50621249	chr2	chr2:50528625-50621249	8.33	127	206	1.62
103235	103236	duplication	2	168140289	168140758	chr2	chr2:168140289-168140758	5.84	47	94	2
108936	108937	duplication	2	1578338	1588632	chr20	chr20:1578338-1588632	16.2	792	1083	1.37
108945	108945	duplication	1	1915099	1915455	chr20	chr20:1915099-1915455	4.86	665	874	1.31
110817	110829	duplication	13	34981033	34990146	chr20	chr20:34981033-34990146	15.4	356	531	1.49
115323	115324	duplication	2	16964766	16965268	chr22	chr22:16964766-16965268	7.25	88	156	1.77
115975	115975	duplication	1	22487767	22489398	chr22	chr22:22487767-22489398	7.16	1833	2425	1.32
115995	116021	duplication	27	22712899	22910606	chr22	chr22:22712899-22910606	16.1	416	604	1.45
121493	121493	duplication	1	42941226	42941352	chr3	chr3:42941226-42941352	6.49	109	179	1.64
122118	122119	duplication	2	48260813	48268786	chr3	chr3:48260813-48268786	6.37	208	296	1.42
132238	132238	duplication	1	42086082	42086126	chr4	chr4:42086082-42086126	5.12	156	228	1.46
133144	133147	duplication	4	68537625	68568484	chr4	chr4:68537625-68568484	51.1	1886	2892	1.53
133170	133170	duplication	1	69294530	69294809	chr4	chr4:69294530-69294809	8.83	753	1043	1.39
133175	133176	duplication	2	69493693	69495861	chr4	chr4:69493693-69495861	6.04	547	715	1.31
133670	133670	duplication	1	76007386	76007449	chr4	chr4:76007386-76007449	24.2	744	1290	1.73
137802	137802	duplication	1	766698	766952	chr5	chr5:766698-766952	12.3	206	354	1.72
139315	139315	deletion	1	42629038	42629103	chr5	chr5:42629038-42629103	5.62	357	235	0.658
143421	143421	duplication	1	140856049	140858436	chr5	chr5:140856049-140858436	18.4	1071	1652	1.54
143836	143836	deletion	1	148174234	148174370	chr5	chr5:148174234-148174370	29	136	0	0
145906	145906	duplication	1	180848792	180851493	chr5	chr5:180848792-180851493	4.92	198	280	1.41
145911	145915	deletion	5	180949904	181002785	chr5	chr5:180949904-181002785	31	143	0	0
147044	147044	duplication	1	27400371	27401447	chr6	chr6:27400371-27401447	8.37	164	265	1.62
147190	147191	duplication	2	29726011	29727175	chr6	chr6:29726011-29727175	4.92	215	294	1.37
147521	147525	deletion	5	31269338	31271348	chr6	chr6:31269338-31271348	32.4	283	95	0.336
147532	147534	deletion	3	31356167	31357158	chr6	chr6:31356167-31357158	7.32	89	40	0.449
148080	148085	deletion	6	32517739	32530224	chr6	chr6:32517739-32530224	38.1	229	38	0.166
148080	148095	duplication	10	32517739	32642764	chr6	chr6:32517739-32642764	0.263	1635	2087	1.28
154881	154884	duplication	4	160557390	160585205	chr6	chr6:160557390-160585205	6.14	124	189	1.52
155682	155682	duplication	1	4859897	4861807	chr7	chr7:4859897-4861807	4.55	465	616	1.32
155895	155905	duplication	11	6673904	6697434	chr7	chr7:6673904-6697434	16.2	709	975	1.38
158022	158036	duplication	15	57450289	64336982	chr7	chr7:57450289-64336982	33.5	1111	1570	1.41
158051	158051	duplication	1	64978119	64979536	chr7	chr7:64978119-64979536	5.06	198	281	1.42
159822	159826	duplication	5	100071143	100089066	chr7	chr7:100071143-100089066	10.1	439	610	1.39
169914	169920	duplication	7	144721644	144778164	chr8	chr8:144721644-144778164	21.4	586	885	1.51
